./msABC 48 10 -I 2 24 24 -U 0.5 0.6 -t 10 -r 10 1000 -en -U 0.01 0.02 2 -U 0.1 0.2 --missing missing.list --frag-begin --finp fragments4.txt --frag-end --verbose -seeds 1 2 3 
//	1	6.210000e+00	6.210000e+00	621
segsites: 56
positions: 1.322909e-03 2.568652e-02 5.435862e-02 1.094199e-01 1.192271e-01 1.426699e-01 1.541083e-01 1.619458e-01 1.693854e-01 1.831380e-01 2.386754e-01 2.393757e-01 2.438984e-01 2.678235e-01 2.700871e-01 2.963959e-01 3.098871e-01 3.392811e-01 3.783358e-01 3.850960e-01 4.181661e-01 4.234059e-01 4.302653e-01 4.331457e-01 4.375689e-01 4.838316e-01 4.848880e-01 5.127556e-01 5.385982e-01 5.390590e-01 5.400714e-01 5.431632e-01 5.440901e-01 5.583852e-01 5.706707e-01 6.022893e-01 6.330626e-01 6.414482e-01 6.454546e-01 6.458798e-01 6.607373e-01 6.659276e-01 6.700770e-01 6.882597e-01 7.496520e-01 7.520702e-01 7.682536e-01 8.003812e-01 8.011035e-01 8.147247e-01 8.254253e-01 8.613812e-01 8.685545e-01 8.830599e-01 9.436358e-01 9.445606e-01 
22222222200020000000000100000000001010122001000001000111
22010000000020000100001011002222220010000001000001000001
22000010000020000000000100000000001010100001000001000111
22000010000020001001000011000010010010100001000001000001
22222210020020010000000100000000001010100001000001000111
22002000000000000000000100100000001101001110112001000011
20000000000020000000000100100000001101001110111001000011
22000010000021000000000100000000001010100001000001000111
20000010000020000000000100000000001010100001000001000111
22000010000020000000000100000000001010100001000001000111
22000010000020002210000100001100001010100001000001000111
22000000000020000000000100100000001101001110111001000011
20000010000020000000000100000000001010100001000001000111
22120010000000000010100100000000001101001010110001000011
22000000001020000000000100102222201101001110111001000011
22000000000020000000000100100000001101001110111001000011
22000000000020000100001011000000010010000001000001000001
22222222222222222222222222222222222010000001111001000001
22010000000020000100001011000000010010000001000001000001
22000000000020100000000100100000001101001110111001000011
22100010000020000010100100000000001101001010110001000011
22000010000020000000000100000000001010100001000001000111
22000000000020000100001011000000010010000001000001000001
22010000000020000100001011000000010020000001000011000001
22010101100020000000001011010001010010000001000000111000
22222222222222222222222222222222222222222221000000111000
22010101100020000000001011010000010010000001000000111000
22010101100120000000011011010000010010000001000000111000
22020101100010000000011011010000010010000001000000111000
22010101100010000000011011010000010010000001000100111000
22012101100010000000011011010000010010000001000000111000
22010101100020000000011011010000010010000001000000111000
00010101100020000000011011010000010010000001000000111000
22010101110020000000011011010000010010000001000000111000
22222222222222222222222222222222210010000001000000111000
22010101110020000000011011010000010010000001000000111000
22020101100010000000011011010000010010000001000000111000
22001000000020001001000011000000110010000001000000111000
22010101100020000000001011010001010010000001000000111000
22222222222222222222222222222222222010010001000000111000
22222222220122200000011011010000010010000001000000111000
22012101100010000000001011010001010010000001000000111000
22010101100020000000011011010000010010000001000000111000
22010101100020000000011011010000010010000001000000111000
22010101100120000000011011010000010010000001000000111000
22010101100010000000011011010000010010000001000000111000
22010101110020000000011011010002220010000001000000111000
22010101100020000000011011010000010010000222000000111000

//	1	6.210000e+00	6.210000e+00	621
segsites: 36
positions: 2.439839e-02 3.968981e-02 6.315519e-02 6.779380e-02 7.769193e-02 9.350639e-02 1.178455e-01 1.405056e-01 1.649213e-01 2.043188e-01 2.634837e-01 2.740665e-01 2.899253e-01 2.988310e-01 3.281376e-01 3.698152e-01 4.027492e-01 4.874371e-01 5.144886e-01 5.873448e-01 6.037350e-01 6.094780e-01 6.130340e-01 6.816560e-01 6.889489e-01 7.027240e-0