./msABC 48 10 -I 2 24 24 -U 0.5 0.6 -t 10 -r 10 1000 -en -U 0.01 0.02 2 -U 0.1 0.2 --missing missing.list --frag-begin --finp fragments4.txt --frag-end --verbose -seeds 1 2 3 --options options.txt 
//	1	6.210000e+00	6.210000e+00	621
segsites: 56
positions: 1.322909e-03 2.568652e-02 5.435862e-02 1.094199e-01 1.192271e-01 1.426699e-01 1.541083e-01 1.619458e-01 1.693854e-01 1.831380e-01 2.386754e-01 2.393757e-01 2.438984e-01 2.678235e-01 2.700871e-01 2.963959e-01 3.098871e-01 3.392811e-01 3.783358e-01 3.850960e-01 4.181661e-01 4.234059e-01 4.302653e-01 4.331457e-01 4.375689e-01 4.838316e-01 4.848880e-01 5.127556e-01 5.385982e-01 5.390590e-01 5.400714e-01 5.431632e-01 5.440901e-01 5.583852e-01 5.706707e-01 6.022893e-01 6.330626e-01 6.414482e-01 6.454546e-01 6.458798e-01 6.607373e-01 6.659276e-01 6.700770e-01 6.882597e-01 7.496520e-01 7.520702e-01 7.682536e-01 8.003812e-01 8.011035e-01 8.147247e-01 8.254253e-01 8.613812e-01 8.685545e-01 8.830599e-01 9.436358e-01 9.445606e-01 
22222222200020000000000100000000001010122001000001000111
22010000000020000100001011002222220010000001000001000001
22000010000020000000000100000000001010100001000001000111
22000010000020001001000011000010010010100001000001000001
22222210020020010000000100000000001010100001000001000111
22002000000000000000000100100000001101001110112001000011
20000000000020000000000100100000001101001110111001000011
22000010000021000000000100000000001010100001000001000111
20000010000020000000000100000000001010100001000001000111
22000010000020000000000100000000001010100001000001000111
22000010000020002210000100001100001010100001000001000111
22000000000020000000000100100000001101001110111001000011
20000010000020000000000100000000001010100001000001000111
22120010000000000010100100000000001101001010110001000011
22000000001020000000000100102222201101001110111001000011
22000000000020000000000100100000001101001110111001000011
22000000000020000100001011000000010010000001000001000001
22222222222222222222222222222222222010000001111001000001
22010000000020000100001011000000010010000001000001000001
22000000000020100000000100100000001101001110111001000011
22100010000020000010100100000000001101001010110001000011
22000010000020000000000100000000001010100001000001000111
22000000000020000100001011000000010010000001000001000001
22010000000020000100001011000000010020000001000011000001
22010101100020000000001011010001010010000001000000111000
22222222222222222222222222222222222222222221000000111000
22010101100020000000001011010000010010000001000000111000
22010101100120000000011011010000010010000001000000111000
22020101100010000000011011010000010010000001000000111000
22010101100010000000011011010000010010000001000100111000
22012101100010000000011011010000010010000001000000111000
22010101100020000000011011010000010010000001000000111000
00010101100020000000011011010000010010000001000000111000
22010101110020000000011011010000010010000001000000111000
22222222222222222222222222222222210010000001000000111000
22010101110020000000011011010000010010000001000000111000
22020101100010000000011011010000010010000001000000111000
22001000000020001001000011000000110010000001000000111000
22010101100020000000001011010001010010000001000000111000
22222222222222222222222222222222222010010001000000111000
22222222220122200000011011010000010010000001000000111000
22012101100010000000001011010001010010000001000000111000
22010101100020000000011011010000010010000001000000111000
22010101100020000000011011010000010010000001000000111000
22010101100120000000011011010000010010000001000000111000
22010101100010000000011011010000010010000001000000111000
22010101110020000000011011010002220010000001000000111000
22010101100020000000011011010000010010000222000000111000

//	1	6.210000e+00	6.210000e+00	621
segsites: 36
positions: 2.439839e-02 3.968981e-02 6.315519e-02 6.779380e-02 7.769193e-02 9.350639e-02 1.178455e-01 1.405056e-01 1.649213e-01 2.043188e-01 2.634837e-01 2.740665e-01 2.899253e-01 2.988310e-01 3.281376e-01 3.698152e-01 4.027492e-01 4.874371e-01 5.144886e-01 5.873448e-01 6.037350e-01 6.094780e-01 6.130340e-01 6.816560e-01 6.889489e-01 7.027240e-01 7.162175e-01 7.255517e-01 7.516413e-01 7.549413e-01 8.606690e-01 8.674454e-01 8.798751e-01 9.414585e-01 9.616800e-01 9.789418e-01 
222222222001001000000001010100000011
220000000100010000000000010000000011
220000011001000010101000010000000011
220100011001000010101000010000000011
222222222201000100010001010000100011
220100011001001000000001010100000011
220000011001000010101000010000000011
220010101201000000010001010000100011
220100011001000010101000010000000011
220000011001000010101000010000000011
220000011001022000000000010000000011
220000011001000010101000010000000011
220100011001001000000001010100000011
220000000100010001000110101001001100
220000000110010001000110101001001100
220010001001000000000000010000000011
220000011001000010101000010000000011
222222222222222222200000010000000011
220000011001000010101000010000000011
220000011001000010101000010000000011
220000011001000010101000010000000011
220000000100010001000110101001100011
220000011001000010101000010000010011
220000011001000010101000010000000011
220000000100010001000110101001001100
222222222222222222222220101011001100
221000000100010001000110101001001100
220000000100010001000110101001001100
220000000100010001000110101001001100
221000000100010001000110101001001100
221000000100010001000110101001001100
221000000100010001000110101001001100
221000000100010001000110101001001100
221000000100010001000110101001001100
222222222222222222200110101001001100
221000000100010001000110101001001100
221000000200010001000110101001001100
221000000100010001000110101001001100
220001000100010001000110101011001100
222222222222222222200110101001001100
222222222202010001000110101001001100
220000000100010001000110101001001100
220000000100010001000110101001001100
220001000100010001000110101001001100
221000000100110001000110101001001100
220000000200010001000110101001001100
221000000100110001000110101001001100

//	2	6.210000e+00	6.210000e+00	621
segsites: 31
positions: 3.425791e-03 2.084906e-02 4.418800e-02 8.059551e-02 8.149166e-02 1.201873e-01 1.371162e-01 1.536513e-01 1.627275e-01 1.679712e-01 2.028250e-01 2.064359e-01 2.137917e-01 2.239682e-01 2.269115e-01 2.546867e-01 3.323392e-01 3.599706e-01 3.663626e-01 5.105928e-01 5.665755e-01 5.889039e-01 6.094188e-01 6.804554e-01 7.131023e-01 7.193917e-01 7.340614e-01 7.488322e-01 8.335274e-01 9.441842e-01 9.974824e-01 
2220022222000000001000112001001
2200000100000100001000112110010
2220000010000000001000112000010
2220000000000000001000112000012
2222222000222000001000112001002
2220020000000000001000112000012
2000000000001000001000112001002
2221101001200000001010012000002
2020000000000000001010012000001
2220000010000000001000112000010
2221101001100000201010012000001
2220000000000000001000112001001
2200000000000000001000112000010
2220000010000000001000112000012
2220010000010000001000002000101
2220000000000010110010012000001
2220000000000010110011012000001
2222222222222222222220012000002
2220000000000000001000112001001
2221101001100000001010012000001
2220000000000000001010012000001
2221101001100000001010012000001
2220000000000000001000112001001
2220010000010000001000002000102
2220000000000010110100002000000
2222222222222222222222202000002
2220000000000010110100002000000
2220000000000011110000002000000
2220000000000010110100002000000
2220000000000010110100002000000
2220020000000010110100002000000
2220000000000010110100002000000
1020000000000010110010012000001
2220000000000010110100002000000
2222222222222222222200002000002
2220000000000000001020112000010
2220000000200010110000002000002
2220000000000010110100002000000
2220000000000010110100002000000
2222222222222222222220002000000
2222222222222220110100002000002
2220020000000010110100002000000
2220000000000010110100002000000
2220000000000010110100002000000
2220000000000010110100002000000
2220000000200010110100002000002
2220000000000010110120002000000
2220000000000010110100022000000

//	2	6.210000e+00	6.210000e+00	621
segsites: 41
positions: 5.902969e-02 1.218277e-01 1.863351e-01 1.929440e-01 2.097862e-01 2.158591e-01 2.366978e-01 2.469593e-01 2.545666e-01 3.251753e-01 3.843718e-01 3.884493e-01 3.887996e-01 3.917766e-01 4.216507e-01 4.687841e-01 5.225494e-01 5.568424e-01 6.409967e-01 6.627290e-01 6.779906e-01 6.856382e-01 6.861309e-01 7.449557e-01 7.901266e-01 7.946462e-01 8.075588e-01 8.102256e-01 8.201628e-01 8.202353e-01 8.227461e-01 8.233276e-01 8.666224e-01 8.875034e-01 8.921017e-01 9.159566e-01 9.364430e-01 9.375273e-01 9.471169e-01 9.588980e-01 9.610522e-01 
22001002010000100012100100000101110100000
10001000010000000210100100000101111100000
01002000010000000000100000001000000000000
00100000001000001100000000110000000000000
22222202001000011000001000110000000001001
02100000001000001110100110000101110100100
00001000110010000000100000001000000000000
00001000010000000000110000001000000000000
00100000001000011000001000110000000001000
00001010010000000010100100000101110100010
00100000021000011000001000110000000001000
01001000010000000000100000001000000000000
00001000110010000000100000001000000000000
10001000010000000010100100000101110100100
01001000010000002000100000001010000000000
00100000001000011000001000110000000001000
00100000001000001100100000001000000000000
22222222222222222210100100000101110100100
00100000001000011000001000110000000001000
10001000010000000010100100000101110100000
00100000001000001110100100000101110100100
10001000010000000010100100000101110100000
00110000001000001110100100000101110100100
00001000110010000000100000001000000000000
00001010010000000010100101000101110100000
22222222222222222222100101000101110100010
00001010010000000010100100000101110100010
00001010010000000010100100000101110100010
02001010010000000010100100000101110110000
02002010010000000010100100000101110100010
02001010010000000010100100000101110100210
00001010010001000010100100000101110100000
00001010010000000010100100000101110110000
00001011010000000010100101000101110100000
22222222222222222010100100000101110110000
00001010010000000010100100000101110110000
00001010010000000010100100000101110100010
00001110010000000010100101000101110100000
00001010010100000010100100000101110100010
22222222222222222210100101000101110100000
22222212010000000010100101000101110100000
02001010010000000010100100000101110100010
00001010010000000010100100000101110100010
00001010010000000010100100000101110100010
00001010010000000010100100000101110100010
02001010010000000010100100000101110100010
00001010010000000010100101000101110100000

//	3	6.210000e+00	6.210000e+00	621
segsites: 50
positions: 8.558109e-03 9.684157e-03 4.257305e-02 4.637135e-02 7.396258e-02 7.894018e-02 8.160156e-02 8.792574e-02 1.827658e-01 2.249388e-01 2.367637e-01 2.381182e-01 2.417389e-01 2.519844e-01 2.732504e-01 2.913519e-01 3.438166e-01 3.689398e-01 4.054755e-01 4.172227e-01 4.307421e-01 4.369231e-01 4.371710e-01 4.997816e-01 5.170252e-01 5.208996e-01 5.374019e-01 5.598912e-01 5.656067e-01 5.785704e-01 6.153124e-01 6.352147e-01 6.394078e-01 6.426910e-01 6.756604e-01 6.933469e-01 7.440296e-01 7.624425e-01 7.861146e-01 8.152669e-01 8.338092e-01 8.583518e-01 8.841513e-01 9.030305e-01 9.053821e-01 9.190804e-01 9.263898e-01 9.609310e-01 9.638350e-01 9.976633e-01 
22220000111120001000010100000000000000001000100010
22000010000001110000101001020100000000000001000010
22220010000001110000001001010100101100000001000010
22220010000001110000001001010100101100000001000012
22222222200001110000001001010100101100000001000012
22220010000001110000101001010100000002200001000012
22020010000001110000001001010100101100010001000112
22220010000001110000001001010100101100010001000112
10220010000001110000001001010100101100010001000110
22220010000001110000001001011100101100010001000110
22220010011110002000010100000000000001001000100001
22220010000001110000001001010100101100000001000010
22000010000001110000001001010100101100000001000010
22220010000001110001001011110100000000000001000012
22220010000001110000001022210100000010000001000010
22220010000001110000001001010100101100000001000010
22220011000001110000001001010100101100010001000110
22222222222222222222222222222100101100010001000112
22220010000001110000001001010100101100010001000110
22220010000001110000001001010100101100010001000110
22220010000001110000101001010100000000000001000010
22220010000001110100001001010100101100010001010110
22220010000001110000001001010100101100010001000110
22220000111110110001001001110122000000000001000012
22220110000001110000001001110100000000000101000010
22222222222222222222222222222222222000000011000012
22220010000001110010001001110100000000000101000010
22220110000001110000001001110100000000000101000010
22220010000001110000001001110100000000000101001010
22220110000001110000001001110100000000000101000010
22220010000001110000001001110100000000000101000010
22220010000001110000001001110100000000000101000010
00220010000001110000001001110100000000100101000010
22220010000001110000001001110111000000000001000010
22222222222222222222222222210100000000000101000012
22220010000001110000001001112100000000000101000010
22220010000001110000001001110100000000000101000012
22220010000001110000001001110100000000000101000010
22220010000001110000001001110111000000000001000010
22222222222222222222222222222200000000000101000010
22222222220001210000001001110111000000000001000012
22220010000001110000001001110100000000000101000010
22220010000001110000001001110100000000000101000010
22220010000001110000001001110100000000000101000010
22220010000001110000001001110100010000000101000010
22221010000001110000001001110101000000000001000012
22220010000001110000001001122100000000000101000010
22220010000001110000001001110101002200000001000010

//	3	6.210000e+00	6.210000e+00	621
segsites: 38
positions: 6.302822e-02 1.106445e-01 1.196430e-01 1.786670e-01 2.071679e-01 2.128265e-01 2.426473e-01 2.489263e-01 2.706306e-01 2.748529e-01 2.811771e-01 3.083608e-01 3.225357e-01 3.286135e-01 3.375561e-01 3.432988e-01 4.109075e-01 4.161901e-01 4.974551e-01 5.154139e-01 5.164386e-01 5.208350e-01 5.420704e-01 5.456337e-01 5.637001e-01 5.809906e-01 6.023709e-01 6.121023e-01 6.476908e-01 7.136416e-01 7.377931e-01 7.787259e-01 7.907101e-01 8.327939e-01 8.440162e-01 8.657212e-01 9.159675e-01 9.992824e-01 
22220122000101110010001001102210010010
11100101000101101001002201101210010011
11100111000101100000001001100210010110
11100101000101100000001001100210010012
22222202000101100000001001100210010012
11200101000101100000001001100212010012
11101101000101100000001001100210010012
11100101100101100000001001100210010012
10000000011010000000000100000210010110
10000000011010000000000100000210010110
11100101000222220000001001100210010010
11101101000101100000001001100210010010
11100101000101100000001000000200101000
12100101000101100000001001100210010012
10000001000101100000022201100210010010
11100101000101100000001001100210010010
10000000011010000000000100000210010110
22222222222222222222222221101210010012
11100101000101100000001001100210010010
11100101000101100000001001100210010010
11100101000101100000001000000200101000
10000000011010000000000100000210010110
11100101000101100000101000000200101010
11100101000101100000101000000200101012
00010000011000000000000000000201000000
22222222222222222222222222222201000002
00010000011000000000000000000201000000
00010000011000000000000000000201000000
02010000011000000000000000000201000000
00010000011000000000000000000201000000
00210000011000000100000000010201000000
00010000011000000000010000000201000000
00010000011000000000000000000201000000
00010000011000000000000000000201000000
22222222222222222222222000000201000002
00010000011000000000000000000201000000
02010000011000000000000000000201000002
00010000011000000000000000000201000000
00010000011000000000000000000201000000
22222222222222222222222222000201000000
22222202221000000100000000000201000002
00210000011000000000010000000201000000
00010000011000000000000000000201000000
00010000011000000000000000000201000000
00010000011000000000000000000201000000
00010000011000000100000000000201000002
00010000011000000100000000000201000000

//	4	6.210000e+00	6.210000e+00	621
segsites: 49
positions: 2.612219e-02 7.297928e-02 8.160876e-02 1.289324e-01 1.335056e-01 1.467494e-01 1.643055e-01 1.975021e-01 2.187860e-01 2.188053e-01 2.567032e-01 2.739800e-01 2.982569e-01 3.395923e-01 3.447765e-01 3.782807e-01 3.922979e-01 3.937498e-01 4.096936e-01 4.328691e-01 4.687197e-01 5.055296e-01 5.562619e-01 5.586872e-01 5.613014e-01 5.896484e-01 6.247209e-01 6.294705e-01 6.640058e-01 6.723723e-01 7.416057e-01 7.763500e-01 7.794187e-01 7.904894e-01 8.001034e-01 8.595068e-01 8.694566e-01 8.942668e-01 8.999956e-01 9.019033e-01 9.191452e-01 9.248068e-01 9.457107e-01 9.524922e-01 9.594790e-01 9.633153e-01 9.648086e-01 9.824423e-01 9.833998e-01 
2002222001000000100101100000000000110011010101011
2001110101001000100101222000000000110011010101011
2002100001010010110000100101010001000000100010000
2001100001000001100000100101000000000000100010010
2222220222000000100101100000000000110011011101011
2002110001000000100101100000000220110011010101011
1002100001000000100101100000000000110011010101011
2002100001000000100101100010000000110011010101011
2110001000100100000010001000000110001000100010100
2001110001000000100101100000000000110011010101011
2001100001002220100101100000000000110011010101011
2110001000100100000010001000000110001000100010100
1001100001000000100101100000000000110011010101011
2001100001000000100101100000000000110011010101011
2001100001000000100101100000000000110011010101011
2001100001000000100101100000000000110011010101011
2001100001000000100101100010000000110011010101011
2222222222222222222222222000000000110011010101011
2001110001000000100101100000000000110011010101011
2001100001000000100101100000000000110011010101011
2001100001000000100101100000101000000100100010010
2001110001000000100101100000000000110011010101011
2001100001000000100101100000000000110011010101011
2002100001000000100101100022000000110011010101011
2100001000100100000010001000000110001000100010100
2222222222222222222222222222220110001000100210100
2100001000100100000010001000000110001000100010100
2102001000100100000010001000000110001000100010100
2102001000100100000010001000000110001000100010100
2100001000100100000010001000000110001000100010100
2102001000100100000010001000000110001000100010100
2100001000100100000010001000000110001000100010100
0102001000100100000010001000000110001000100010100
2100001000100100000010001000000110001000100010100
2222222222222222222222001000000110001000100010100
2102001000100100001010011000000110001000100010100
2100001000100100000010001000000110001000100010100
2100001000100100000010001000000110001000100010100
2100001000100100001010001000000110001000100010100
2222222222222222222222222000000110001000100010100
2222222222120100000010001000000110001000100010100
2102201000100100000010001000000110001000100010100
2100001000100100000010001000000110001000100010100
2102001000100100000010001000000110001000100010100
2100001000100100000010001000000110001000100010100
2100001000100100000010001000000110001000100010100
2100001000100100000010222000000110001000100010100
2100001000100100000010001000020110001000100010100

//	4	6.210000e+00	6.210000e+00	621
segsites: 22
positions: 5.898883e-02 1.231016e-01 1.415014e-01 2.258866e-01 2.752714e-01 2.846994e-01 3.086054e-01 3.320858e-01 4.640548e-01 5.004804e-01 5.285876e-01 5.591500e-01 5.637577e-01 6.027801e-01 6.222914e-01 6.307758e-01 7.593643e-01 7.681855e-01 8.113837e-01 9.056690e-01 9.694866e-01 9.988537e-01 
2220000001000000001001
0210110000021100100100
0200000011000000000001
0011100000000100000002
2221100000000100000002
1200010000000110220002
0210000011000000000002
0210000001000000001002
0011100000000100000000
0010000001000000001001
0210002201100000001001
1200010000000110000001
0200000101000000010000
0210110000001100100102
0200000011200000000001
0211100000000100000000
0210000001000000001001
2222222222222100000002
0210110000001100100100
0200000101000001000000
0200000001000000000001
0210000011000000000001
0100000001000000000011
0200000001000022000002
0211100000000100000000
2222222222222222000002
0011100000000100000000
0211100000000100000000
0211100000000100000000
0211100000000100000000
0211100000000100000000
0211100000000100000000
0211100000000100000000
0211100000000100000000
2222222222200100000002
0211100000000100000000
0211100000000100000002
0211100000000100000000
0011100000000100000000
2222222222222100000000
2222200000000100000002
0211100000000100000000
0211100000000100000000
0211100000000100000000
0211100000000100000000
0211101000000100000002
0211100000010100000000

//	5	6.210000e+00	6.210000e+00	621
segsites: 39
positions: 7.580836e-03 3.541073e-02 4.112169e-02 1.010163e-01 1.107313e-01 1.348104e-01 1.576474e-01 1.656979e-01 1.969091e-01 2.542808e-01 2.552219e-01 2.722295e-01 2.924267e-01 3.692013e-01 3.784091e-01 3.833776e-01 4.120883e-01 4.133700e-01 4.454993e-01 4.656103e-01 4.767155e-01 4.812692e-01 4.839130e-01 5.238375e-01 5.305002e-01 5.736231e-01 5.801601e-01 6.036893e-01 6.113425e-01 6.268626e-01 6.473843e-01 7.365957e-01 7.676782e-01 7.742561e-01 7.865978e-01 7.957739e-01 8.783213e-01 8.957055e-01 9.419777e-01 
222222220001111100010000011011210010000
200100101001111100010001000000100000000
222100101001100011101001000000100000000
222100100001100011101001000011010010000
222222102001100011101001000000100000000
222100101001111100010000011010012220000
200100101001111100010000011010010000000
222110101001111100010000011010010000000
122100101101111100010010011010010000000
222100101001100011101001000000100000000
222100101001111100010000011010010000000
222100101001111100010000011010010010000
200100101001100011101001000000100000000
222120101001111100010001000000100000000
222100101001100011101002200000100000000
222100101001100011101001000000100000000
222100101001111100010000011011010010000
222222222222222222222222221010010001000
222100101001100011101001000000010010000
222100101001111100010000011011010110000
222100101001100011101001000000100000000
222100101001111100010000011010010000000
222100101001111100010000011011010010000
222100101001111100010000011012010010000
222001010010000000101101000100100000100
222222222222222222222222222222200000100
222001010010000000101101000100100000100
222001010010000000101101000100100000100
222021010010000000101101000100100000100
222001010010000000101101000100100000100
222001010010000011101001000000100000000
222001010010000000101101000100100000100
000001010010000000101101000100100000111
222001010010000000101101000100100000100
222222222222222222222222200100100000100
222001010010000000101101000100100000100
222021010010000000101101000100100000100
222001010010000000101101000100101000100
222001010010000000101101000100101000100
222222222222222222222222222100100000100
222222222012000000101101000100100000100
222001010010000000101101000100100000100
222001010010000000101101000100100000100
222001010010000000101101100100100000100
222001010010000000101101000100100000100
222001010010000000101101000100100000100
222001010010000000101101000100100000110
222001010010000000101101000100100000100

//	5	6.210000e+00	6.210000e+00	621
segsites: 40
positions: 3.038914e-02 3.706485e-02 4.506127e-02 8.557147e-02 8.913004e-02 9.574067e-02 9.893832e-02 1.174423e-01 1.250643e-01 1.370060e-01 1.979075e-01 1.986788e-01 2.264528e-01 2.693473e-01 2.694041e-01 2.729622e-01 3.074793e-01 3.159005e-01 3.449426e-01 3.845299e-01 4.210881e-01 4.348006e-01 4.558934e-01 4.610282e-01 4.639042e-01 4.654338e-01 4.901755e-01 5.228189e-01 5.583854e-01 6.054734e-01 6.189949e-01 6.559602e-01 6.832259e-01 7.032121e-01 7.450998e-01 7.963463e-01 8.269870e-01 8.443348e-01 9.238898e-01 9.704091e-01 
2222222222001001001100000110100200111100
2220101021001001001100000110200100111100
2220101021001001001100000110100100111100
2220101011001001001100010110100100111100
2222222222221001001100000110111100111100
2220101021001001001100010110100100111100
2220101021001001001100010110100100111100
2220101021001001001100000110100100111100
2220101011001001001100000110100100111100
2220101011001001001100010110100100111100
2220101021001001222100000110100100111100
2220101021001001001100000110100100111100
2221000120110000000001100001000001000000
2220101021001001001100000110100110111100
2220101021001001001100000112100100111100
2220101021001001001100010110100100111100
2221000120110110010110001110100100111100
2222222222222222222222222222200001000000
2220101021001001001100000110100100111100
2220101021001001001100000110100100111100
2220101021001001001100000110100100111101
2220101021001001001100010110100100111100
2220101011001001001100000110100100111100
2220101021001001001100000110102100111100
2221000120110000000001100001000001000000
2222222222222222222222222222222201000000
2221000100110000000001100001000001000000
2221000120110000000001100001000001000010
2221000120110000000001100001000001000000
2221000120110000000001100001000001000000
2221000120110000000001100001000001000000
2221000120110000000001100001000001000000
2221000120110000000001100001000001000000
2221000120110000000001100001000001000000
2222222222222222222222222222000001000000
2221000120110000000001100001000001000000
2221000120110000000001100001000001000000
2221000120110000000001100001000001000000
2221000100110000000001100001000001000000
2222222222222222222222222222200001000000
2222222222222222000001100001000001000000
2221000120110000000001100001000001000000
2221000120110000000001100001000001000000
2221000120110000000001100001000001000000
2221000120110000000001100001000001000000
2221000120110000000001100001000001000000
2221010120110000100001100001000001000000

//	6	6.210000e+00	6.210000e+00	621
segsites: 26
positions: 4.326294e-03 1.081455e-01 1.091750e-01 1.281015e-01 2.031417e-01 2.106700e-01 2.210003e-01 2.358037e-01 3.113086e-01 3.261743e-01 3.483768e-01 3.817418e-01 4.358248e-01 5.270455e-01 5.325614e-01 5.574971e-01 5.647080e-01 5.861125e-01 6.233642e-01 6.483957e-01 7.504603e-01 8.348075e-01 8.805943e-01 8.929912e-01 9.050712e-01 9.808726e-01 
22221100001011000002000000
20020010000101020000000010
20121200000011000000000000
20111100000011000000000000
22222220100011001000000100
20120101000101010000000010
20121100000011000000000000
20022000100011001000000100
20111100000011000000000000
20111100000011000000000000
20121100222011000000000000
21020000010000000010010001
20120101000011001000000100
22220000100100100100000010
20121100000012200000100000
20020010000101010000000010
20121100000011000000000000
22222222222222222000000010
20020100000011000000000000
20120101000011001000000100
20020000100011001000000100
20020010000101010000000010
20000010000101010000000010
20121100000011000020000000
20020000100100100100000010
22222222222222222222000010
20000000100100100101000010
20020000100100100101000010
22220000100100100100000010
20020200100100100100000010
20020000100100100100000010
20020000100100100101000010
10020000100100100100000010
20020000100100100100000010
22222222222222200100000010
20020000100100102100000010
22222000100100100100000010
20020000100100100100000010
20000000100100100100000010
22222222222222222100000010
22222220100100100101000010
20020000100100100100001010
20020000100100100100000010
20020000100100100100000010
20020000100100100100000010
20022000100100100100000010
20020000100100122100000010
20020000100100100100000010

//	6	6.210000e+00	6.210000e+00	621
segsites: 30
positions: 6.851662e-02 1.418550e-01 1.620947e-01 2.150329e-01 2.155702e-01 2.261211e-01 2.435042e-01 2.525144e-01 2.543333e-01 2.602839e-01 3.164797e-01 3.294055e-01 3.957330e-01 4.358507e-01 4.617132e-01 5.202429e-01 5.252717e-01 5.346961e-01 5.505445e-01 5.830845e-01 6.042607e-01 6.344660e-01 7.191791e-01 7.598041e-01 7.913617e-01 8.418987e-01 8.454225e-01 8.488489e-01 9.043490e-01 9.072924e-01 
222000200000101000001100001000
010000200010100000201100000000
000000200000100000001100000100
000000200000101100001100001000
222221200000000000000001000000
000000000000101000001102001000
001010200000000000000000000001
000000200000100000001100000100
001000210000000010110100001000
100000201001100000000000110000
000000200022101100001100001000
000100200000000000000000000000
001000210000000010110100001000
000101100000010000000011000000
000000200000100222000000100000
000101200000000000000011000000
000000200010100000001100000100
222222222222222222210100001000
000000200000101000001100001010
000000200100100000110100001000
000000200000101000001100001000
000000200000100001001100000100
000101200000000000000001000000
000101200000000000000211000000
000100200000000000000000000000
222222222222222222222200000000
000100200000000000000000000000
000100200000000000000000000000
000100100000000000000000000000
000100100000000000000000000000
000100100000000000000000000000
000100200000000000000000000000
000100200000000000000000000000
000100200000000000000000000000
222222222222222222000000000000
000100200000000000000000000000
000100100000000000000000000000
000100200000000000000000000000
000100200000000000000000000000
222222222222222222200000000000
222222200000000000000000000000
000100100000000000000000000000
000100200000000000000000000000
000100200000000000000000000000
000100200000000000000000000000
000100100000000000000000000000
000100200000000000000000000000

//	7	6.210000e+00	6.210000e+00	621
segsites: 36
positions: 2.965602e-02 3.426531e-02 4.538670e-02 8.292148e-02 1.088961e-01 1.573587e-01 1.707227e-01 1.791073e-01 2.856795e-01 3.026800e-01 3.093433e-01 3.238326e-01 3.304783e-01 3.501433e-01 3.525912e-01 3.904135e-01 4.134043e-01 4.221939e-01 4.274623e-01 4.746287e-01 5.000140e-01 5.224878e-01 5.245995e-01 5.360324e-01 5.542526e-01 6.054219e-01 6.396753e-01 6.412446e-01 6.695223e-01 6.812350e-01 7.425242e-01 8.595972e-01 8.604809e-01 8.969271e-01 9.213262e-01 9.413844e-01 
222022220011001000100110000010100100
000000000111001000111000200010100000
222000000011001010100100000010100100
222000000111001000111000100010100000
222221021000000101010000100000000000
222000000000000001010000100000011000
002000000011001000111000110110100000
222000000011001000111000110110100000
222000000000000001010000100000011000
222000000011001000111000111110100000
222000000222221010100100000010100100
222000000000000001010000100001011000
110001011000000000100100000010100000
222020000000000001010000100000011000
222011011000000101010222100000000000
222000000011001010100100000010100100
222100000000000001010000100000000000
222222222222222222222222200010100100
222000000111001000111000100010100000
222000000011001010100100000010100100
222000000011001000111000110110100000
222000000011001000111000110110100001
222000000011001000111000110110100000
222000000011001010100100000010100100
222001011000000001010000100000000000
222222222222222222222222222220100000
222001011000000001010000100000000010
222001011000000001010000100000000000
222021011000000001010000100000000010
222001011000000001010000100000000000
222001011000000001010000100000000000
222000000111111000111001100010100000
002001011000000001010000100000000000
222000000111001000111000100010100000
222222222222222222222222100010100000
222001011000000001010000100000000000
222021011000000001010000100000000010
222001011000000001010000100000000000
222001011000000001010000100000000000
222222222222222222222222200000000000
222222221000000001010000100000000000
222001011000000001010000100000000010
222001011000000001010000100000000010
222000000111101000111000100010100000
222000000111001000111000100010100000
222001111000000001010000100000000000
222001011000000001010000200000000000
222001011000000001010000100022000000

//	7	6.210000e+00	6.210000e+00	621
segsites: 38
positions: 2.255727e-03 1.087434e-02 1.388300e-01 1.550368e-01 1.880494e-01 2.415466e-01 2.433449e-01 2.901177e-01 3.206405e-01 3.266738e-01 3.514378e-01 4.106150e-01 4.502828e-01 4.672357e-01 5.070085e-01 5.202281e-01 5.412758e-01 5.770181e-01 5.892240e-01 6.272397e-01 6.387809e-01 6.468097e-01 6.711542e-01 6.715239e-01 6.736649e-01 7.131857e-01 7.235455e-01 7.440942e-01 7.693061e-01 7.736209e-01 8.184483e-01 8.263764e-01 8.961614e-01 9.464167e-01 9.478563e-01 9.593456e-01 9.651308e-01 9.674986e-01 
22220220000110001000121002010000000011
22000120000110002000101002010000000011
22000120000110001010101002010000100011
22011020000001100001000012000001001100
22222120000110001110101002010000000011
22000100000110001000101002012210000011
22000120000110001110101002010000000011
22100120000110001010101002011000000011
22000120000110001000101002110000000011
22000120010110001000101002110000000011
22000120220110001010101002010000000011
22000120000110001010101002010000100011
22000120000110001000101002010010000011
22000100100110001010101002010000000011
22000120000110022010101002010000100011
22000120100110001010101002010000000011
22000120000110001110101002010000000011
22222222222222222200101002010000000011
22000120000110001010101002010000000011
22000120000110001010101002010000000011
22100120000110001010101002011000000011
22000120000110001110101002010000000011
22100120000110001010101002011000000011
22000120000110001002201002010000000011
22011020000001100001000012000101001100
22222222222222222222222222000001001100
22011020000001100001000112000001001100
22011020000001100001000012000001001100
22011000000001100001000012000001001100
22011000000001100001000012000001001100
22011001000001100001000012000001002100
22011020000001100001000012000001001100
22011020000001100001000012000001001100
22011020000001100001000012000001011100
22222222222222222001000012000001001100
22011020000001100001000012000001001100
22011000000001110001010012000001001100
22011020000001100001000012000001001100
22011020000001100001000012000101001100
22222222222222222201010012000001001100
22222020000001100001000012000001001100
22011000001001100001000012000001001100
22011020000001100001000012000001001100
22011020000001100001000012000001001100
22011020000001100001000012000101001100
22011000000001100001000012000001001100
22011020000001100001000012000001001100

//	8	6.210000e+00	6.210000e+00	621
segsites: 54
positions: 1.390808e-02 2.342096e-02 4.551214e-02 8.072660e-02 1.006111e-01 1.052465e-01 1.076448e-01 1.130323e-01 1.449056e-01 1.625000e-01 1.800291e-01 1.870575e-01 2.025104e-01 2.193613e-01 2.258934e-01 2.293132e-01 2.315441e-01 2.342439e-01 2.401981e-01 2.561141e-01 2.586066e-01 2.809684e-01 2.863944e-01 3.469009e-01 4.092963e-01 4.222390e-01 4.343065e-01 4.540788e-01 4.692005e-01 5.453400e-01 5.723764e-01 6.024257e-01 6.804586e-01 7.074484e-01 7.706551e-01 7.730245e-01 7.764773e-01 7.927848e-01 7.960606e-01 8.165350e-01 8.259466e-01 8.328618e-01 8.521657e-01 8.523223e-01 8.603830e-01 8.637521e-01 8.683872e-01 8.978109e-01 9.087035e-01 9.111636e-01 9.120379e-01 9.519105e-01 9.547515e-01 9.756069e-01 
222022222221010110201110100010000000000100100011000100
221010110001010110001110100012000000000100100011000100
222010110001010110001110100010000000000100100011000000
222100000000101001110001100010000100000100101010000000
222222222122221001110001100011000100000100100010000000
222100000000101001110001001100100022200100100011000000
202010110001010110001110100010000000000100100011000100
222010100001210110001010100010000100000100100010000000
002010110001010110001110100010000000000100100011000010
222010110001010110001110100010000100000100100010000000
222010110001010110001112100010000100000100100010000000
222010100001010110001010100010000100000100100010000000
201010100001010110001010100010001000000100100011011001
222010210001010110001110100010000000000100100011000100
222010100001010110001010100012000100000100100010000000
222101000000101001110001001100110010101001010000000000
222010110001010110001110100010000000000100100011000000
222222222222222222222222222222200000000100100011000000
222100000000101001110001001100100000000100100011000000
222010110001010110001110100010000000000100100011000100
222010100001010110001010100010000100000100100010000000
222010101001010110001010100010000100000100100010000000
222010110001010110001110100010000000000100100011000100
222010110001010110001110100010000000000100100011000010
222100000000101001110001001100100010101011010000000000
222222222222222222222222222222220010101011010000000220
222100000010101001110001001100100010101001010000000000
222010100001010110001010110010000010101001010000000000
222100200000101001110001001100100010101001010000000000
222100000000101001110001001100100010101011010000000000
222100000000101001110001001100100010101011010000000000
222100000000101001110001001100100010101011010000000000
002100000000101001110001001100100010101001010000000000
222010100001010110001010110010000010101001010000100000
222222222222222222222222222220000010101001010100000000
222010100001010110001010100010000010101001010100000000
222010200001210110001010110010000010101001010000000000
222100000000101001110001001100100011101001010000000000
222100000010101001110001001100100010101001010000000000
222222222222222222222222222222200010101011010000000000
222222222222222001110001001100100010101001010000000000
222100000000101001110001001100100010101001010000000000
222010100001010110001010110010000010101001010000000000
222100000000110110001010110010000010101001010100000000
222100000000101001110001001100100010101001010000000000
222010100001210110001010110010000010111001010000000000
222010100001010110001010110012000010101001010000000000
222100000010101001110001001100102010101001010000000000

//	8	6.210000e+00	6.210000e+00	621
segsites: 47
positions: 6.377928e-03 2.191298e-02 2.634673e-02 3.332894e-02 3.617823e-02 5.886133e-02 6.589020e-02 7.001268e-02 7.828312e-02 9.754231e-02 1.174660e-01 2.229018e-01 2.246246e-01 2.373332e-01 2.413362e-01 2.544065e-01 2.611856e-01 2.912843e-01 3.075885e-01 3.169861e-01 3.435827e-01 3.916302e-01 3.926876e-01 4.958918e-01 4.984954e-01 5.432661e-01 5.564376e-01 5.958661e-01 6.519969e-01 6.822416e-01 7.124112e-01 7.479644e-01 7.587927e-01 7.633329e-01 8.045661e-01 8.187492e-01 8.233021e-01 8.367026e-01 8.388647e-01 8.447486e-01 8.489074e-01 8.513755e-01 8.522669e-01 8.726185e-01 9.089148e-01 9.347678e-01 9.782550e-01 
22222222222001200000100000002021101000001101000
22222110010001000000000002200021101000001100000
22222110111001000010000000010021101000001100000
22222100000001111001000000100021101000001100000
22222222222001000000100000000021101000001101000
22222110010001000000000000100021221000001100000
22222100000001000000000000000021101000001101000
22222110010001000000000110001020010000110010111
22222001000010000000000000010021101000001101000
22222110010001000000100000000021101000001101000
22222100000001000022200000010021101000001100000
22222110010001000000000110001020010000110010111
22222110010001000000000000100021101000001100000
22222100000001000000000000010021101000001100000
22222001000010000000000002010021101000001101000
22222110010001000000100000000021101000001101000
22222110010001000000100000000021101000001101000
22222222222222222222222222210021101000001101000
22222100000001000000000000000021101000001101000
22222100000101101000000110001020010010110010111
22222100000101101000000110001020010010110010111
22222100000001111001000000100021101000001100000
22222100000001111100000000100021101000001100000
22222001000010000000000000010021101000001101000
22222001000010000000011001000121101101001100000
22222222222222222222222222222121101001001100000
22222001000010000000001001000121101001001100000
22222001000010000000001001000121101001001100000
22222001000010000000001001000121101001001100000
22222001000010000000001001000121101001001100000
22222001000010000000001001000121101001001100000
22222001000010000000001001000121101001001100000
22222001000010000000001001000121101001001100000
22222001000010000000001001000121101001001100000
22222222222222222222222222000121101001001100000
22222001000010000000001001000121101001001100000
22222001000010000000001001000121101001001100000
22222001000010000000001001000121101001001100000
22222001000010000000001001000121101001001100000
22222222222222222222222222200121101001001100000
22222222222220000000001001000121101001001100000
22222001000010000000001001000121101001001100000
22222001000010000000001001000121101001001100000
22222001000010000000011001000121101101001100000
22222001000010000000001001000121101001001100000
22222001000010000000001001000121101001001100000
22222001000010000000001001000121101001001100000

//	9	6.210000e+00	6.210000e+00	621
segsites: 47
positions: 1.291632e-02 1.647568e-02 3.693065e-02 1.284567e-01 1.603076e-01 1.698071e-01 1.736655e-01 1.740505e-01 1.925375e-01 2.371552e-01 2.432022e-01 2.498021e-01 2.500533e-01 2.510836e-01 2.516945e-01 2.548367e-01 2.608540e-01 2.643653e-01 2.834594e-01 3.194991e-01 3.368024e-01 3.411612e-01 3.553757e-01 3.584936e-01 3.650552e-01 4.060891e-01 4.186954e-01 4.272568e-01 4.634748e-01 4.733542e-01 5.502992e-01 5.583973e-01 5.607402e-01 5.975114e-01 6.212979e-01 6.588589e-01 6.996157e-01 7.818272e-01 8.067371e-01 8.156696e-01 8.389929e-01 8.864874e-01 9.132162e-01 9.138167e-01 9.523521e-01 9.738181e-01 9.884060e-01 
22222222102222000100001000100000010200001000100
22121000002001010010000000001022201000010000000
22220000012001000101000000000000110000000000000
22211000002001010010100000000000010000100000000
22220002202110000100100000000000010000000000010
22220000000001010010100000000000010002000000001
20120000012001000101000000000000110000000000000
22220000012001000101000000000000010000010000000
10210000012001000101000000000000010000010000000
22210001102110000100001000100000010100001000100
22220000012001000102220000000000110000000000000
22220000012001000101000000000000010000010000000
22020100002000111000010000001101000000010000000
22220100000000111000000000011000010000000011000
22220000012001000101000000000000110000000000000
22220000012001000101000000000000010000010000000
22221000002001010010000000001001001000010000000
22222222222222222222222222222222210000010000000
22220000012001000101000000000000010000010000000
22220100002000111000010000001101000000010000000
22220100002000111000000000011000010000000011000
22220110002000111000000010001000110000000000000
22211000002001010010000000001001001000010000000
22220100002000111000000000011010012000000011000
22220100002000011000000100001000000011000100000
22222222222222222222222222222222222211000100200
22200100002000011000000000001000000011000100000
22220100002000011000000000001000000011000100000
22220100000000011000000000001000000011000100000
22220100000000011000000000001000000011000100000
22220100000000011000000000001000000011000100000
22220100002000011000000000001000000011000100000
01020100002000011000000000001000000011000100000
22220100002000011000000000001000000011000100000
22222222222222222222222222222200000011000100000
22220100002000011000000000001000000011000100000
22220100000000011000000000001000000011000100000
22220100002000011000000000001000000011000100000
22200100002000011000000000001000000011000100000
22222222222222222222222222222222200011000100000
22222222202222011200000001001000000011000100000
22220100000000011000000000001000000011000100000
22220100002000011000000000001000000011000100000
22220100002000011000000000001000000011000100000
22220100002000011000000000001000000011000100000
22220100000000011000000000001000000011000100000
22220100002000011000000000001022200011000100000
22220100002000011000000000001000000021000100000

//	9	6.210000e+00	6.210000e+00	621
segsites: 43
positions: 7.002460e-03 3.692965e-02 8.874699e-02 9.677764e-02 1.153224e-01 1.352370e-01 1.478525e-01 1.597908e-01 2.142168e-01 2.186249e-01 2.705198e-01 2.766357e-01 2.780744e-01 2.855029e-01 2.866821e-01 2.982743e-01 2.989755e-01 3.051914e-01 3.062310e-01 3.302229e-01 3.310359e-01 3.927382e-01 3.988872e-01 4.313118e-01 4.317263e-01 4.533786e-01 5.058966e-01 5.278469e-01 5.579403e-01 5.782695e-01 5.948692e-01 6.216972e-01 7.108556e-01 7.212194e-01 7.469732e-01 7.702781e-01 8.258182e-01 8.721842e-01 9.476595e-01 9.518619e-01 9.618956e-01 9.714865e-01 9.735763e-01 
2222222200100000000100000000000100100000010
2200100011010010100000000000200100100000010
2200100001010010100000000000000000100000010
2200100001010000000101101000100000000010000
2222222222010010100000000000000100100000010
2200100001010010100000000000000000120000010
2200100001010000000101101000100000000010000
2201011100010010100000000100010000100100000
2200100001010011110000010000000000100000010
2200100001010010100000000000000011000000010
2200100001010012222220000000000010010010000
2200100011010010100000000000000100100000010
2200100001010010100000000000000011000000010
2200100001010000000101101000100000000010000
2200100001011100001010000002000000000011101
2201011100100000000100000000000100100000010
2200100011010010100000000000000100100000010
2222222222222222222222222222200000100000010
2200100001010010100000010000000000100000010
2200100001010010100000010000000000100000010
2201011100010010100000000100010000100100000
2200100001010010100000000000000000100000010
2200100011010010100000000000000100100000010
2200100001010010100000000000000200100000010
2200100001011100001010000001001000000011101
2222222222222222222222222222222200000012101
2200100001011100001010000001001000000011101
2210100001011000001010000001000000000011101
2210100001011000001010000001000000000011101
2200100001011100001010000001001000000011101
2200100001011100001010000001001000000021101
2200100001011100001010000001001000000011101
2210100001011000001010000001000000000011101
2200100001011100001010000001001000000011101
2222222222222222222222222222000000000011101
2200100001011100001010000001001000000011101
2200100001011100001010000001000000000011101
2200100001011100001010000001001000000011101
2210100001011000001010000001000000000011101
2222222222222222222222222222220000000011101
2222222222211100001010000001000000000011101
2200100001011100001010000001000000000011101
2200100001022100001010000001001000000011101
2200100001011100001010000001000000001011101
2200100001011100001010000001000000000011101
2200100001011100001010000001001000000011101
2200100001011100001010000001001000000011101

//	10	6.210000e+00	6.210000e+00	621
segsites: 47
positions: 2.714307e-02 8.462734e-02 8.634965e-02 1.213989e-01 1.348643e-01 1.654996e-01 1.811906e-01 1.991344e-01 1.997876e-01 2.005598e-01 2.014978e-01 2.810080e-01 2.854469e-01 3.099618e-01 3.186017e-01 3.427019e-01 3.538232e-01 3.652500e-01 3.657430e-01 3.820763e-01 3.865323e-01 3.986400e-01 4.062052e-01 4.134235e-01 4.258059e-01 4.398749e-01 4.738183e-01 4.757046e-01 4.820441e-01 4.950421e-01 4.988098e-01 5.023690e-01 5.526925e-01 5.624159e-01 5.632866e-01 6.140944e-01 6.341438e-01 6.372748e-01 7.241339e-01 7.371844e-01 8.340141e-01 8.744078e-01 9.065876e-01 9.110649e-01 9.759664e-01 9.807281e-01 9.961080e-01 
20022200000101000001000000001100010000100000000
20000100000000010000000000100011222000110010010
20000100000101000001000000001100010000100000000
20000100000101000001000000001100010000100000002
22222122222000010000000000100011010000110010012
20120010010000010000000000100011010001100000010
10011001000101000001000100011100010000100100002
20000100222101000001000000001100010000100000012
20000100000101000001000000001100010000100000010
20000100000101000011000000001100010000100100000
20100000110002220000000000100011010001100000010
20000100000101000001000000001100010000100100000
10010001000101000001000100011100001110101100000
20000100000101000001000000001100010000100000002
20100000110000010000000100011100001110101000100
20000100000101000001000000001100010000100000000
20000100000000010000000000100011010000110010010
22222222222222222222222222222222222001100000012
20100000110000010000000100011100001110101000100
20000100000101000001000000001100010000100000000
20000100001000010000000000100011010000110010010
21000100000101000001000000001100010000100000000
20000100000000010000000000100011010000110010000
20000100000101000001000000001100010222100000012
20010000000101001001100001001100100000000000001
22222222222222222222222222222222222222100000012
20010000000101001001000001001100100000000000001
20010000000111000001000010001100000000000000001
20020000000101000001000001001100100001100000010
20020000000101000001000001001100100001100000010
20020000000101001001000001001100100000000000001
20100000110000010000000000100011010000000000001
10010000000101001001001002001100100000000000001
20010000000101001001000001001100100000000000001
22222222222222222222222222222222100000000001002
20010000000101001001000001001100100000000000001
20010000222101000001000001001100100001100000012
20010000000101000001000001001100100001100000010
20010000000101001001000001001100100000000000001
22222222222222222222222222222222222000000001001
22222222222000010000000000100011010001100000012
20020000000101000001000001001100100001100000010
20010000000101001001001001001100100000000000001
20010000000101000001000001001100100000000000001
20010000000101100001000001001100100000000001001
20020000222101000001000001001100100000000001002
20010000000101001101000001001100222000000000001
20010000000101000001000001001100100001100000010

//	10	6.210000e+00	6.210000e+00	621
segsites: 45
positions: 5.840901e-03 1.800676e-02 4.884061e-02 1.004697e-01 1.232900e-01 1.411899e-01 1.436121e-01 1.967517e-01 2.146776e-01 2.381624e-01 3.211802e-01 3.301182e-01 3.324608e-01 3.766311e-01 3.831012e-01 3.913021e-01 4.144342e-01 4.548562e-01 4.578480e-01 5.831982e-01 5.970753e-01 6.045541e-01 6.168511e-01 6.244434e-01 6.291419e-01 6.711857e-01 6.750747e-01 6.853051e-01 6.914681e-01 6.956088e-01 6.999500e-01 7.134584e-01 7.332849e-01 7.591382e-01 7.685675e-01 8.166106e-01 8.167430e-01 8.182284e-01 8.379646e-01 8.847959e-01 9.381535e-01 9.450832e-01 9.487004e-01 9.593191e-01 9.965572e-01 
222222200000000100110101000001121000001001001
222120000000000000000000000001121000000101001
222120000000011001000000000001121000000011101
222101001001000000000000000001121000000001002
222222222000000100110001000001121000000001002
222020000000000000000000000001121220000101001
222021000000000100110001000001121000000001002
222120000000011001000000000001121000000011002
222100000000011001000000010001121000000011101
222000010010100010000010000100020101110000000
222120000022211001000000000001121000000000000
222120000000000000000000000001121000000101001
222121001001000000001000001001121000000001001
222120000000011001000000000001121000000011102
222020010010100010000010000100020101110000000
222120100000011001000000000001121000000011101
222121001001000010000010000100020101110001001
222222222222222222200010000100020101110000002
222020010010100010000010000100020101110000000
222021000100000100100010000100020101110000000
222121001001000010000010000100020101110001001
222121001001000000000000000001121000000001001
222101001001000000000000001001121000000001001
222120100000011001000022200001121000000011102
222020010010100010000010000100020101110000000
222222222222222222222222222110020101110000202
222000010010100010000010000100020101110000000
222120000000011001000000000001121000000011011
222020010010100010000010000100020101110000000
222020010010100010000010000110020101110000000
222020010010100010000010000100020101110000200
222020010010100010000010000100020101110000000
222020010010100010000010000100020101110000000
222020010010100010000010000100020111110000000
222222222222222222200010000100020101110000002
222020010010100010000010000100020101110000000
222020010010100010000010000110020101110000002
222020010010100010000010000100020101110000000
222000010010100010000010000100020101110000000
222222222222222222200010000110020101110000000
222222222010100010000010000100020101110000002
222020010010100010000010100100020101110000000
222020010010100010000010000100020101110000000
222020010010100010000010000100020101110000000
222020010010100010000010000100020101110000000
222020010010100010000010000100020101110000002
222020010010100010000010100100020101110000000
