./msABC 12 10 -t -U 10 20 -r 10 100 -eN 0.01 0.3 --verbose -seeds 1 2 3 
//	1	1.441996e+01	1.000000e+01
segsites: 12
positions: 1.156746e-01 2.359974e-01 2.377006e-01 2.470751e-01 2.781783e-01 4.210480e-01 4.466461e-01 5.764494e-01 6.387281e-01 6.621616e-01 8.361783e-01 8.772177e-01 
011101000000
011101000000
001000100110
001000100110
000010001001
011101000000
011101000000
001000100110
101001010000
000010001000
101001010000
011101000000

//	2	1.490548e+01	1.000000e+01
segsites: 9
positions: 3.304580e-02 1.453658e-01 1.805312e-01 2.364501e-01 2.573749e-01 3.578484e-01 5.261721e-01 5.527556e-01 7.529180e-01 
000100000
011000000
000000000
000000011
000010001
000000001
000001100
100000001
100000001
000000000
000000000
011000000

//	3	1.324158e+01	1.000000e+01
segsites: 5
positions: 1.581281e-01 5.883706e-01 7.514014e-01 7.558685e-01 8.395088e-01 
00010
00000
00000
00000
00000
10001
00000
00000
00000
00100
01001
00000

//	4	1.745331e+01	1.000000e+01
segsites: 8
positions: 3.197320e-01 3.469149e-01 3.647346e-01 4.521570e-01 5.260843e-01 9.012311e-01 9.257359e-01 9.433904e-01 
00000100
01000100
11000101
00001100
01110100
00000100
00000100
00000100
01000100
00000010
01010100
01000100

//	5	1.769218e+01	1.000000e+01
segsites: 21
positions: 1.124364e-01 1.610817e-01 1.923777e-01 2.393208e-01 3.708244e-01 4.398844e-01 4.958813e-01 5.041270e-01 5.440579e-01 5.458794e-01 5.995045e-01 6.026431e-01 6.258321e-01 7.253676e-01 7.595061e-01 7.907372e-01 8.001055e-01 8.875814e-01 9.083306e-01 9.638097e-01 9.932942e-01 
001000000000011100010
000000100100000000100
010100000101000000100
000000101100100000100
010000000111000000100
001000010000001101010
100001000000001101010
010010000100000000101
000000100100000000100
000001000000000010000
010010000100000000100
010000000111000000100

//	6	1.982004e+01	1.000000e+01
segsites: 27
positions: 9.541060e-03 1.900853e-02 6.099984e-02 1.268182e-01 1.994460e-01 2.942330e-01 4.473255e-01 4.872990e-01 5.279973e-01 5.730882e-01 6.152967e-01 6.750910e-01 6.834499e-01 6.998498e-01 7.025899e-01 7.211200e-01 7.453603e-01 8.000248e-01 8.123591e-01 8.124204e-01 8.152702e-01 8.161672e-01 8.183795e-01 8.588548e-01 8.714358e-01 9.338915e-01 9.370133e-01 
000001101000000110000110100
001000000001000110010110100
001100000001000110010110100
000000101000101001100001001
100010101100101001101000001
010000101000101001100000001
000000101000101001100000100
000000101000101001010110100
001000000001000110010110100
000000101000111001100000001
001000010011000110010110110
001000000001000110010110100

//	7	1.924072e+01	1.000000e+01
segsites: 29
positions: 3.151463e-02 5.400925e-02 8.650232e-02 1.204096e-01 1.626207e-01 1.821823e-01 1.934646e-01 2.320982e-01 2.508490e-01 2.574188e-01 2.659640e-01 3.101399e-01 3.171275e-01 3.179371e-01 4.497469e-01 4.916664e-01 4.973690e-01 5.411489e-01 6.049768e-01 6.224592e-01 6.697366e-01 7.331348e-01 7.344862e-01 7.392796e-01 7.548080e-01 7.764873e-01 9.094638e-01 9.397653e-01 9.626990e-01 
00010000001001000100010001000
00010000001001000100010001000
00010000001110010000000100010
11010000011110000010000110010
11001001100000000001100100011
11010000011110000000000110010
00101110100000001000001100010
11010000011110000100010001000
11010000011110100100010001000
00101110100000001000000100110
00101110100000001000001100010
11010000011110000000000110010

//	8	1.434462e+01	1.000000e+01
segsites: 14
positions: 8.203800e-02 1.311234e-01 1.565559e-01 1.689979e-01 2.242202e-01 2.994121e-01 3.076384e-01 3.424927e-01 5.420488e-01 6.543782e-01 8.125895e-01 8.701441e-01 9.353904e-01 9.921297e-01 
00000001101001
00101100000000
00000001101001
00000001101001
01010000111010
00000100000000
00000011101001
10000001101101
00000001101001
01000000101000
10000001101001
00000000101000

//	9	1.588951e+01	1.000000e+01
segsites: 23
positions: 3.468239e-02 4.225423e-02 4.297699e-02 4.511700e-02 7.205142e-02 1.394629e-01 1.457355e-01 1.526108e-01 1.629783e-01 2.033732e-01 3.079409e-01 3.585696e-01 4.157644e-01 4.452280e-01 4.491093e-01 5.516542e-01 5.738357e-01 5.869883e-01 6.723924e-01 8.334292e-01 8.566964e-01 8.888060e-01 9.218765e-01 
10111101000001100000001
01000010101000001010110
01000010101000000000001
10110100000101100000000
01000010101000001010100
00110100010001100100000
00110100000001100100000
00110100000001110100000
10110100000001100001000
01000010101000001010100
10111100000001100000001
00110100000011100100000

//	10	1.002187e+01	1.000000e+01
segsites: 3
positions: 8.719807e-02 1.606786e-01 8.489639e-01 
011
100
011
100
000
100
011
000
011
000
000
000
