./msABC 12 10 -t 10 -r -U 10 20 1000 -I 2 7 5 0.1 -em 0.1 1 2 -U 0.1 0.5 -eN -U 0.01 0.02 0.3 --frag-begin --finp fragments3.txt --frag-end --verbose -seeds 1 2 3 
//	1	1.000000e+01	1.441996e+01	1000
segsites: 31
positions: 4.978936e-03 5.904004e-03 1.658870e-02 3.784963e-02 7.318845e-02 7.652469e-02 7.970135e-02 1.324611e-01 1.424038e-01 2.246675e-01 2.387242e-01 2.430413e-01 2.464773e-01 3.174176e-01 3.214121e-01 4.171465e-01 4.688767e-01 5.865241e-01 5.963691e-01 6.090189e-01 6.627444e-01 6.798629e-01 6.845708e-01 7.266443e-01 7.607414e-01 7.837710e-01 7.841046e-01 8.559455e-01 8.593587e-01 9.321970e-01 9.701263e-01 
1001001100001000000000010010100
1001000010001000000000010001100
1011000000001000000000010000100
1001000010001100000000010001100
1001001100001000000000110000100
1001001100001000001000010010101
1001000010001000000000010001100
0100000001100011110101001100010
0100110000010010100101001100010
0100000001100011110101001100010
0100000001100011100111001100010
0100000001100011100101001100010

//	1	5.000000e+00	7.209982e+00	500
segsites: 13
positions: 4.251105e-02 2.181755e-01 2.777843e-01 3.233616e-01 5.262505e-01 5.277727e-01 5.753941e-01 6.794272e-01 7.202387e-01 7.313056e-01 8.081464e-01 8.855659e-01 8.941589e-01 
0000000101010
0000000101110
0000000101110
0000000101110
0000000101010
1100000101010
0001000101010
0000000101010
0000100101010
1100000101010
0000011010001
0000011010001
0000011010001
0000000010001
0000000010001
0000000010001
0000000010001
0000011010001
0010000010001

//	1	1.000000e+00	1.441996e+00	100
segsites: 12
positions: 5.088860e-02 6.453770e-02 2.274373e-01 3.479982e-01 4.780300e-01 5.149285e-01 5.239731e-01 5.446712e-01 6.185789e-01 6.253556e-01 6.307897e-01 9.836105e-01 
010011110000
010011110000
011001110000
010001110000
010011110000
100100000011
100100001011
100100000001
100100000101
100100000001
100100000001
100100000001

//	1	2.200000e+01	3.172392e+01	2200
segsites: 65
positions: 2.315877e-03 1.468266e-02 1.549135e-02 3.650006e-02 5.269909e-02 5.662531e-02 5.686671e-02 7.167679e-02 8.871629e-02 1.103704e-01 1.117142e-01 1.182618e-01 1.251350e-01 1.425328e-01 1.470503e-01 1.536905e-01 1.563496e-01 1.565380e-01 1.583221e-01 1.650108e-01 1.691573e-01 1.898930e-01 2.179937e-01 2.642392e-01 2.793226e-01 3.333259e-01 3.446969e-01 3.575981e-01 3.778310e-01 4.099985e-01 4.287349e-01 4.936719e-01 5.213470e-01 6.013996e-01 6.220508e-01 6.387540e-01 6.781022e-01 6.786656e-01 7.265958e-01 7.536087e-01 7.779178e-01 8.122009e-01 8.347068e-01 8.387341e-01 8.760969e-01 8.953016e-01 9.191902e-01 9.222464e-01 9.350437e-01 9.388088e-01 9.423071e-01 9.740589e-01 9.740877e-01 9.745764e-01 9.770952e-01 9.786099e-01 9.789188e-01 9.793418e-01 9.799940e-01 9.838074e-01 9.871168e-01 9.899844e-01 9.905734e-01 9.987364e-01 9.997330e-01 
11111100111010011100100000000000101100000000000000000111100010010
11111100111010011100100000000000101110000000000100000111100010010
11111100111010011100100000000000101110000000000000000111100010010
11111100111000011100010000000010110100000000100000011000011101101
11110100111000011100000000000000100100010000100000011000011101101
11111100111010011100100000000000101110000000101000011000010101101
11111100111000011100000000001000100100000010000000000111100010010
00000011000101100011000100100001000100100100010010000111100010010
00000011000101100011001000100001000001001000010001100111100010010
00000011000101100011000011110100100100101001010010000111100010010
00000011000101100011000011100100100100101001010010000111100010010
00000011000101100011000000100001000001001001010010000111100010010

//	1	1.000000e+01	1.441996e+01	1000
segsites: 54
positions: 6.104543e-02 1.111752e-01 1.727538e-01 1.772112e-01 1.824109e-01 1.889692e-01 1.913909e-01 1.942416e-01 1.976359e-01 2.110618e-01 2.111577e-01 2.251840e-01 2.261230e-01 2.336315e-01 2.339118e-01 2.466219e-01 2.477113e-01 2.607088e-01 2.654476e-01 2.854241e-01 2.865064e-01 2.889587e-01 2.931311e-01 2.973077e-01 3.010859e-01 3.033157e-01 3.047898e-01 3.183059e-01 3.226565e-01 3.287740e-01 3.298458e-01 3.388577e-01 3.535738e-01 3.639380e-01 3.647705e-01 