./msABC 12 10 -t 10 -r -U 10 20 100 -eN -U 0.01 0.04 -U 0.3 0.5 --frag-begin --finp fragments.txt --frag-end --verbose -seeds 1 2 3 
//	1	5.000000e+01	7.209982e+01	500
segsites: 65
positions: 2.576135e-02 3.706287e-02 7.004573e-02 1.205249e-01 1.546786e-01 1.815087e-01 1.987220e-01 1.993418e-01 2.050551e-01 2.193785e-01 2.490397e-01 2.591289e-01 2.701958e-01 2.795889e-01 2.831397e-01 2.837362e-01 2.884178e-01 3.284471e-01 3.375802e-01 3.516218e-01 3.696797e-01 4.525800e-01 4.791526e-01 5.465365e-01 5.533998e-01 5.603226e-01 5.905563e-01 6.045561e-01 6.227348e-01 6.301549e-01 6.680983e-01 6.724978e-01 6.726140e-01 6.882244e-01 7.067976e-01 7.091149e-01 7.199817e-01 7.232461e-01 7.330249e-01 7.450773e-01 7.527913e-01 7.607565e-01 7.660285e-01 7.670184e-01 8.052465e-01 8.078354e-01 8.334048e-01 8.661020e-01 8.671858e-01 8.684588e-01 8.713693e-01 8.719090e-01 8.844539e-01 8.848620e-01 8.883928e-01 9.003550e-01 9.120985e-01 9.177978e-01 9.316340e-01 9.412727e-01 9.490116e-01 9.566647e-01 9.726408e-01 9.800656e-01 9.940077e-01 
01000000100000110000110110101100000001000000000010111000000000000
01001000100000110000110110101000000001000001000110111000000000000
01000101010001000001000011101000000001000000111000000001101010000
10100001000000001001000010101000000001000000000010110000010000001
10100011000000001011001000010011011100110110000010110100010000000
01000000101010010001000010101011011100110100000010110000010000001
01000000101010010101000010101011011100110100000011110000010000001
01000001010001000001000010101000000001000000000010111000000000000
01001000101100010000110110101100000001001000000010111000000000000
01000000100000110000110110101100100001000000000010110000000111110
01000000100000110000110110101100000001000000000010110010001010000
01010001010001000001000011101011011110110100000010111000000000000

//	1	5.000000e+01	7.209982e+01	500
segsites: 84
positions: 1.971249e-02 5.308180e-02 7.096299e-02 8.941904e-02 9.161499e-02 9.191783e-02 1.092980e-01 1.175585e-01 1.331722e-01 1.372849e-01 1.403940e-01 1.430230e-01 1.513094e-01 1.539408e-01 1.779754e-01 1.814213e-01 1.836632e-01 1.865347e-01 1.876409e-01 1.914962e-01 2.141202e-01 2.236927e-01 2.419279e-01 2.440754e-01 2.484068e-01 2.559140e-01 2.676281e-01 2.811287e-01 3.106328e-01 3.170924e-01 3.416690e-01 3.553191e-01 3.588359e-01 3.716577e-01 3.766873e-01 3.778557e-01 3.808789e-01 3.863914e-01 3.967324e-01 3.975664e-01 4.236449e-01 4.315449e-01 4.356676e-01 4.440586e-01 4.665048e-01 4.677287e-01 4.731430e-01 5.069084e-01 5.121360e-01 5.156815e-01 5.194634e-01 5.212088e-01 5.290130e-01 5.458951e-01 5.514666e-01 5.596264e-01 5.687805e-01 5.726180e-01 5.869739e-01 6.189864e-01 6.359519e-01 6.464174e-01 6.528396e-01 6.533000e-01 6.648913e-01 6.687364e-01 6.882803e-01 7.047804e-01 7.245247e-01 7.310133e-01 7.427078e-01 7.562337e-01 7.680999e-01 7.797784e-01 8.015907e-01 8.078777e-01 8.251195e-01 8.352307e-01 8.597040e-01 8.633771e-01 8.859138e-01 9.267661e-01 9.663485e-01 9.787071e-01 
100001000001100000110001000100000000100000011001000000000011000101101100011111000000
000001000100001001000001000100000000100000011000100000000011010011000001000010000000
001101000001000000001000100100100000100000010010000011001000000101011100110111001000
100001000001100000100001000111000000100000011100000000000010001101011100010111000000
000001000000001001000001000100000000110000110000000001000100000101000011000000000001
000001000100001001000001000100000000100000011000100000000011000101011100010111000001
000011000000001011000100010011011001001101000000011100000000100000000000010111110110
100000000000110000000011000100011101001111000000011000110000100000000000010111000000
100001000011100000000001000011011001000001000000011000110000100000000000010111000000
000001001100001101000001000100000010100000011000100000000011010011000000010111000000
100001000001100000000001001101000000100000011100000000000010001101011100010111000000
110001110001100000000001000100011101001111000000011000110000100000000000010111000000

//	1	5.000000e+01	7.209982e+01	500
segsites: 86
positions: 1.489677e-04 6.378413e-03 2.372521e-02 3.539015e-02 3.999006e-02 4.558183e-02 5.099801e-02 5.848397e-02 6.893942e-02 8.089192e-02 8.534821e-02 9.240693e-02 1.106510e-01 1.123881e-01 1.139955e-01 1.565805e-01 1.678918e-01 1.703393e-01 1.704682e-01 1.815443e-01 1.889150e-01 2.114301e-01 2.618136e-01 2.819453e-01 2.903838e-01 2.987280e-01 3.012294e-01 3.015438e-01 3.128173e-01 3.172208e-01 3.243621e-01 3.293491e-01 3.317372e-01 3.743720e-01 3.752592e-01 3.863981e-01 3.963463e-01 4.039084e-01 4.090876e-01 4.106240e-01 4.235492e-01 4.297923e-01 4.319270e-01 4.498869e-01 4.542286e-01 4.563826e-01 4.822236e-01 4.846801e-01 4.886584e-01 4.889663e-01 5.043525e-01 5.323082e-01 5.458555e-01 5.584307e-01 5.656500e-01 5.772024e-01 5.854218e-01 5.892767e-01 5.900550e-01 5.994436e-01 6.851383e-01 6.915695e-01 7.043384e-01 7.102815e-01 7.172146e-01 7.269861e-01 7.299364e-01 7.340543e-01 7.344629e-01 7.587491e-01 7.588770e-01 7.809842e-01 7.837292e-01 7.902291e-01 7.932088e-01 7.941927e-01 8.068552e-01 8.200837e-01 8.273174e-01 8.428896e-01 8.698935e-01 8.954656e-01 9.039934e-01 9.338168e-01 9.515322e-01 9.974490e-01 
00010101010110000001000001010000000000010000000101010010000000100010101001001000100000
11100000101001000110010010000001110000101000100010101101010000100010101000001000011000
11100000101001000110011000000000100000100110000101010000000001001001000000010111100000
00010101010110010000000000000000101100000000100010101000000000001001000000010101100000
11010101010110000000100000000001100000100110010101010000000000001001000000010101100000
00101001010110100110010010000001100000100110010101010000000000001001000000010101100000
11100000101001000110011001000010000011000000000101010000001100010110011010001000100001
11010101010110000000000000000100000000100000000000010000000000010110011010001000100000
11100000101001000110010010001001100000100110001101010000000110010010011000001000100000
00101001010110100000000001100000000001000000000101010000000110010010011000001000100000
11010111010110000000000000000100000000000001000101010000000000010010011100101000100101
00101001010110001000000100000000101100000000100010101101110000100010101000001000011010

//	1	1.000000e+01	1.441996e+01	100
segsites: 10
positions: 1.908190e-02 9.673446e-02 2.216910e-01 2.594681e-01 3.471431e-01 5.271028e-01 5.898440e-01 6.486101e-01 8.072338e-01 9.586654e-01 
1000000000
0000100000
0000100000
0100100000
0000100000
0000100000
0001110000
0110100000
0100100000
0000100000
0000000111
0000001000

//	2	5.000000e+01	7.508854e+01	500
segsites: 60
positions: 4.737625e-02 6.005998e-02 1.140009e-01 1.187252e-01 1.758233e-01 2.167814e-01 2.492152e-01 2.586427e-01 2.708851e-01 2.977478e-01 3.228794e-01 3.401997e-01 3.913939e-01 4.083916e-01 4.244197e-01 4.251226e-01 4.274780e-01 4.335584e-01 4.501419e-01 4.607393e-01 4.706090e-01 4.771415e-01 5.071039e-01 5.105204e-01 5.141405e-01 5.143168e-01 5.194623e-01 5.335869e-01 5.418136e-01 5.795765e-01 6.027864e-01 6.299557e-01 6.404828e-01 6.477300e-01 6.655615e-01 6.853578e-01 6.900171e-01 6.933949e-01 7.194437e-01 7.559552e-01 7.766581e-01 7.898286e-01 7.977229e-01 7.983287e-01 8.142035e-01 8.300673e-01 8.301357e-01 8.355035e-01 8.550471e-01 8.578664e-01 8.745215e-01 8.850473e-01 8.928979e-01 9.059335e-01 9.461088e-01 9.534845e-01 9.635804e-01 9.717945e-01 9.751356e-01 9.912065e-01 
011000010001010000100010000011100001010000010100010000000010
011000010001110001000110010000001100001100100010000100101000
011000100100000000000000001011100001010000010100010000000010
011000010001010001000110000110001100001000001000100001101000
011000010001010001000110000010001100001000001000100001101000
011000010001000000000000000001100000100000000000010010000010
100100010011000000001000000011110010001110000010000100111000
011001010001010000010010000001100000000000000011000100101000
011000011001110100010010000000001100001101000010000100101001
011000010001000010000000000011100000001100100010001100100100
011000010001000000000001000011001100001100000011000100101000
010010100000001000000010100010001100001100000010000100101000

//	2	5.000000e+01	7.508854e+01	500
segsites: 61
positions: 1.476293e-02 1.478969e-02 2.241480e-02 4.096184e-02 9.829942e-02 9.875566e-02 1.115753e-01 1.145146e-01 1.203450e-01 1.569289e-01 1.610565e-01 1.753840e-01 1.911183e-01 1.912621e-01 2.030813e-01 2.431854e-01 2.515631e-01 2.864357e-01 2.867074e-01 3.207062e-01 3.260885e-01 3.266772e-01 3.273877e-01 3.343920e-01 3.345454e-01 3.441867e-01 3.532270e-01 3.595483e-01 3.728784e-01 3.823263e-01 3.953462e-01 3.985139e-01 4.092675e-01 4.122231e-01 4.384051e-01 4.554438e-01 4.650895e-01 4.890774e-01 4.900312e-01 5.009575e-01 5.047728e-01 5.069606e-01 5.556691e-01 5.786877e-01 6.213796e-01 6.321829e-01 7.180061e-01 7.279510e-01 7.544146e-01 7.555497e-01 8.210725e-01 8.386643e-01 8.544077e-01 8.630468e-01 8.701772e-01 8.713229e-01 9.146365e-01 9.189166e-01 9.297222e-01 9.509197e-01 9.570613e-01 
1010010000001110101100101000001001011000100000110001000001000
0110100010110001001111010100110100010000110000100001000000100
0010010000000001001010000000001001100011000110001000110000101
0010010000000001001010000000001001100011000101100111001000100
0110010000110000010000001001110100010000110000001000100000100
0010010100001100101100101011110100010000110000100001000101000
0011010000000001001010000000001000010011000000111001000010100
0010010001000001001010000000001001010000100000100111001000100
0010010001000000010111000000001000000101000000110001000010100
0000001000110000010111000000001000000101000000110001000010100
0010010000000001001110000000001011100011000000100001000001000
0000100000110000010000001001110100010000111000100001000001010

//	2	5.000000e+01	7.508854e+01	500
segsites: 56
positions: 7.252589e-03 9.966502e-03 1.201589e-02 3.612686e-02 1.070152e-01 1.331341e-01 1.400916e-01 1.419335e-01 1.426412e-01 2.166329e-01 2.234791e-01 2.508238e-01 2.567413e-01 2.594331e-01 2.595008e-01 2.816564e-01 2.928405e-01 3.036547e-01 3.543724e-01 3.573565e-01 3.633188e-01 3.757937e-01 3.917012e-01 4.082664e-01 4.142455e-01 4.178791e-01 4.417636e-01 4.439748e-01 4.607383e-01 4.840403e-01 5.482043e-01 5.485092e-01 5.598908e-01 6.281630e-01 6.450033e-01 6.557055e-01 6.615672e-01 6.667483e-01 6.823857e-01 6.858084e-01 6.942716e-01 6.968867e-01 7.109912e-01 7.548244e-01 7.581458e-01 7.586254e-01 7.633432e-01 8.186238e-01 8.479155e-01 8.505730e-01 8.574440e-01 8.933496e-01 9.499861e-01 9.522466e-01 9.532880e-01 9.707187e-01 
00000010001000001101000100001011000001000011000100000010
01100010000001001101000001110100000100001100100100001101
00000010001100001101000000000000000000100010000100000010
01111100000000110001000000110100000000101100010100010010
01100010000010101110100000001001000000100010010100010010
11100010000010101100100010001001000100001110001101010010
00000010011000001101000000000000101000101100100010000010
01010101100001001100110000001001010110011100000100000010
11100010000010101100100000001001000100001110001101010010
00000100100001001100101000001001000000001110001100010010
01000010000010101100100000001001000100001110001100110010
01000010000010101100100000001001000100001110001100110010

//	2	1.000000e+01	1.501771e+01	100
segsites: 10
positions: 6.369809e-02 8.525445e-02 2.562318e-01 3.139290e-01 3.265377e-01 5.209379e-01 5.982113e-01 5.993381e-01 8.710439e-01 8.854865e-01 
0101000101
0010010100
0101000101
0000010100
0010010100
0000001000
0000110110
1000010100
1000001000
0010010100
0000010100
0000010100

//	3	5.000000e+01	5.597700e+01	500
segsites: 94
positions: 1.158472e-03 4.086961e-03 4.280237e-03 1.187651e-02 1.477671e-02 1.776587e-02 3.466695e-02 6.515064e-02 6.945927e-02 7.408513e-02 8.735180e-02 1.241399e-01 1.280314e-01 1.429078e-01 1.429861e-01 1.448768e-01 1.538927e-01 1.555723e-01 1.555740e-01 1.612688e-01 1.667659e-01 1.727137e-01 1.779932e-01 1.795736e-01 1.868049e-01 1.882422e-01 2.141800e-01 2.211737e-01 2.256871e-01 2.341804e-01 2.451479e-01 2.491832e-01 2.502137e-01 2.649993e-01 2.667963e-01 2.726474e-01 2.834461e-01 3.361402e-01 3.375996e-01 3.515660e-01 3.517135e-01 3.756860e-01 4.026589e-01 4.090877e-01 4.106154e-01 4.147623e-01 4.159367e-01 4.202645e-01 4.212233e-01 4.348496e-01 4.394410e-01 4.424239e-01 4.442554e-01 4.445891e-01 4.501345e-01 4.614780e-01 4.651559e-01 4.683632e-01 4.875762e-01 4.881715e-01 4.994150e-01 4.996092e-01 5.105284e-01 5.258082e-01 5.485652e-01 5.654423e-01 5.712711e-01 5.792931e-01 5.923780e-01 6.172101e-01 6.297872e-01 6.466203e-01 6.865821e-01 6.961945e-01 7.049957e-01 7.129014e-01 7.145355e-01 7.256451e-01 7.415107e-01 7.538610e-01 7.667259e-01 7.784436e-01 7.909035e-01 7.982111e-01 8.233588e-01 8.440212e-01 8.890402e-01 8.936264e-01 8.997625e-01 9.054656e-01 9.119390e-01 9.179295e-01 9.291356e-01 9.344725e-01 
1010100010100000100100010100010000000010101000000100100000000010000010011000111000100100100101
0000000000100000100001000000000000000010111000000100100000000010000010010000100000100000100101
1010100000100000100110110100100000000010101000000101100000000000000100000010000000100000100101
0000000000100000100001000000000000001001100000001000010000011100010011000000000000100000101101
1010100000100001100100110100100000000010111000000100100000000010000010010000100000100010100101
1110110001100000100100110110100111110000000001100010000000000010000010110100100000100000100101
0001000010111000100100110100100111010000101110010100100001000000101100000011000001010001010010
0000001100000000001000110100100000000010101000000100100000000000000100000010000000100000100101
0000000000100000110001000000000000000010101000000100100000000010000010010000100000100100100101
1010100000100000100100010100101001010000101000000100101100100000000100000010000010011001010011
0000000000100110100000001001000111010100000001000000000010001101010011000000000100100000100101
0000000000100110100000001001000111010100000001000000000010001101010011000000000100100100100101

//	3	5.000000e+01	5.597700e+01	500
segsites: 72
positions: 1.257253e-03 1.146336e-02 2.692766e-02 4.004530e-02 5.469958e-02 6.846212e-02 7.495654e-02 8.450756e-02 9.901850e-02 1.348245e-01 1.796617e-01 2.029716e-01 2.217618e-01 2.338120e-01 2.450299e-01 2.502742e-01 2.558609e-01 2.699757e-01 2.703274e-01 2.715645e-01 2.727819e-01 2.767877e-01 2.969151e-01 3.184017e-01 3.297786e-01 3.491080e-01 3.619647e-01 3.647971e-01 3.762535e-01 3.827312e-01 4.142098e-01 4.321893e-01 4.456052e-01 4.742905e-01 4.955508e-01 4.993665e-01 5.061144e-01 5.193152e-01 5.309848e-01 5.400668e-01 5.423281e-01 5.513990e-01 6.181274e-01 6.201979e-01 6.501164e-01 7.270240e-01 7.828710e-01 8.137540e-01 8.152742e-01 8.161066e-01 8.205037e-01 8.284598e-01 8.291851e-01 8.313998e-01 8.351033e-01 8.444060e-01 8.539908e-01 8.603747e-01 8.721471e-01 8.884136e-01 8.891505e-01 8.944818e-01 9.000891e-01 9.030817e-01 9.416046e-01 9.457787e-01 9.498616e-01 9.554112e-01 9.644734e-01 9.813685e-01 9.887000e-01 9.995191e-01 
001000001010010101101010000001010100001000001010001001000000010010000001
010001100100011011000010001101001110001000001010001001000000010000010010
001000000010010101001010000001000001110100010110011001000101101000010000
000010010000011011000010001101110100001000001010011001000101101111001100
001000000010010101001010000001000001110100010110011001000101101000010000
100000000000101000010001110010000001010111000001100001000011101000010010
001000001010010101001010000001010100001000001010001001000000010010000001
001000001010010101001010010010000001010110000001100110111000000011001100
001000000010010101001010000001000001110100010110011001000101101000010000
000100001000101000010000110010000001110100110110001001000010000011001100
000010010001011001000110110010000001110100010010011001000101101000110001
001000000010010101001010000001000001110100010110011001000101101000010000

//	3	5.000000e+01	5.597700e+01	500
segsites: 66
positions: 2.179349e-03 6.764066e-03 1.060949e-02 3.687107e-02 8.538725e-02 9.900811e-02 1.100221e-01 1.153580e-01 1.804522e-01 1.908353e-01 2.246005e-01 2.468392e-01 2.972287e-01 3.158425e-01 3.667325e-01 3.702232e-01 3.734386e-01 3.746727e-01 3.846862e-01 3.935796e-01 3.948832e-01 4.162262e-01 4.251192e-01 4.716246e-01 4.809603e-01 4.876740e-01 5.070770e-01 5.092086e-01 5.110798e-01 5.357274e-01 5.364640e-01 5.454260e-01 5.735303e-01 5.822430e-01 6.189023e-01 6.545844e-01 6.546296e-01 6.852615e-01 6.868294e-01 6.979504e-01 7.077163e-01 7.181966e-01 7.228134e-01 7.465555e-01 7.591370e-01 7.759966e-01 7.880234e-01 8.050621e-01 8.067083e-01 8.110376e-01 8.193695e-01 8.311986e-01 8.474486e-01 8.478452e-01 8.636098e-01 8.830189e-01 8.852132e-01 9.183271e-01 9.220107e-01 9.432670e-01 9.433207e-01 9.593971e-01 9.607588e-01 9.744946e-01 9.752901e-01 9.979992e-01 
110001010000000000101000000111110001100100000110000100100101111000
001000110001000010001000001000001100000000100000101011011001010001
100000110000000010001001000000001100010010000000110100000101111000
110001010000000000101000000111110001100100000110000100100101111000
100100010000000000101000000000001100010010000000111011000101111000
001000001000001000010010100001000010000001001001000100010000000000
100010000100001000010010110001000010001000000100101011011011010001
100000110000000010001001000000001100010010000000111011000101111000
100000010000100100101000000111110000000000011001000100010000000110
001000001000001000010010100001000010000001001001000100010000000000
100000010010010010001000000001010000000000011001000100010000000000
100000010000000011001100000000001100000000100000101011011001010000

//	3	1.000000e+01	1.119540e+01	100
segsites: 16
positions: 1.965862e-02 3.645050e-02 4.462693e-02 5.406141e-02 1.125086e-01 1.422137e-01 1.636400e-01 1.776132e-01 2.125915e-01 2.423423e-01 2.777002e-01 2.920730e-01 4.299110e-01 7.296922e-01 7.555245e-01 8.534208e-01 
0010001100000010
0010001101111000
0100100001011100
0010001100000000
1100110011111010
0010001100000010
1100110011111010
0010001100000000
0010001100001001
0100100001011100
0010001100000010
0101100001011001

//	4	5.000000e+01	8.788520e+01	500
segsites: 53
positions: 1.701995e-02 4.550736e-02 6.402021e-02 6.447169e-02 7.822445e-02 9.690952e-02 9.719946e-02 1.181397e-01 1.923693e-01 2.182164e-01 2.231804e-01 2.458186e-01 2.528042e-01 2.539940e-01 3.133933e-01 3.242336e-01 3.528516e-01 3.837273e-01 3.853635e-01 3.884579e-01 3.978540e-01 3.999323e-01 4.045198e-01 4.075480e-01 4.276588e-01 4.360981e-01 5.082823e-01 5.276414e-01 5.295493e-01 5.722825e-01 5.726922e-01 5.991852e-01 5.996584e-01 6.197384e-01 6.568634e-01 6.860131e-01 6.924179e-01 7.432257e-01 7.844896e-01 7.931792e-01 8.039068e-01 8.711286e-01 8.970970e-01 9.432323e-01 9.497190e-01 9.509925e-01 9.563713e-01 9.579766e-01 9.691490e-01 9.887462e-01 9.938535e-01 9.949177e-01 9.976756e-01 
01001101010000011000000000000110000110100100011100011
00000001000001110011001111000110000110100000010100011
10001101010000011000000000001001000100110000000001000
00001111110000011000000000000001000100110000000001000
00010000010000011000100000000001000100100000010100011
10001101010000011000100000010001000100100010010100011
10001101010000011000000000001000101001100000000011000
10001101010000011000000000001001000100000001010001000
00100000000110000000010000100000000100100000000001100
00001101110000011000000000000001000100110000000001000
00000001000001110011001111000110000110100000010100011
00001101011000011100000000000001010100111000100001000

//	4	5.000000e+01	8.788520e+01	500
segsites: 44
positions: 1.691625e-02 2.408243e-02 5.502958e-02 1.001242e-01 1.378545e-01 1.427559e-01 1.692932e-01 1.855583e-01 2.236754e-01 2.398787e-01 2.983006e-01 3.311796e-01 3.386152e-01 3.726948e-01 3.736086e-01 3.895419e-01 3.906018e-01 4.037629e-01 4.123720e-01 4.174596e-01 4.496112e-01 4.671116e-01 4.715048e-01 4.781662e-01 4.930071e-01 5.117773e-01 5.310667e-01 5.330449e-01 5.498672e-01 5.758431e-01 6.180799e-01 6.267564e-01 6.573491e-01 6.920486e-01 7.100299e-01 7.700677e-01 8.036861e-01 8.704510e-01 9.113814e-01 9.121172e-01 9.154135e-01 9.634315e-01 9.810513e-01 9.991491e-01 
01100000000001001000010000001000111011000111
00001100000100110001001000100110001000101000
11110000000000100000010010000000000100001000
01101101000100100101100000000000111011001000
01101100001100000001000100000001011000010001
01101100001100000001000100000001011000010001
00001100000011001000010001000000111011000001
01101100000000100001000000000000011000000001
01100000000001001000010000000000111011000001
00010010010001001010010000100110001000001000
01100000100001001000000000110100111011000001
01100000000001001000010000000000111011000001

//	4	5.000000e+01	8.788520e+01	500
segsites: 69
positions: 1.304744e-03 2.207796e-03 1.940642e-02 1.996515e-02 3.518949e-02 3.547815e-02 5.471268e-02 6.051862e-02 7.200905e-02 7.618894e-02 7.668653e-02 8.007174e-02 9.565208e-02 1.373697e-01 1.392939e-01 1.412634e-01 1.422202e-01 1.432232e-01 1.454641e-01 1.463228e-01 1.503939e-01 1.517058e-01 1.535512e-01 1.551073e-01 1.790315e-01 1.996731e-01 2.224580e-01 2.520735e-01 2.585118e-01 2.647502e-01 2.682413e-01 2.867644e-01 2.906907e-01 3.030442e-01 3.376185e-01 3.629450e-01 3.836860e-01 3.912420e-01 4.178478e-01 4.359021e-01 4.493986e-01 4.526787e-01 4.815006e-01 4.815377e-01 4.822013e-01 4.859171e-01 4.992880e-01 5.245229e-01 5.320637e-01 5.336307e-01 5.354900e-01 5.380990e-01 5.620447e-01 6.070008e-01 6.208737e-01 6.442705e-01 6.939090e-01 7.775788e-01 7.875587e-01 7.888672e-01 8.279373e-01 8.450775e-01 9.272344e-01 9.372345e-01 9.478000e-01 9.560943e-01 9.756303e-01 9.785075e-01 9.956093e-01 
000110110010001110000001001000111001101100110011110000100000100100000
000110001001000000100101001000000000100011110001010000000000010100001
000001110010001110000000010000001011101100110101010000000001000100000
000001110010001111001000010000001000101100100001010001000000000100000
000001110010011110000001001000101001101100110001010110000000001101100
011001001001001110000001001000000000100011001000001000011000000110000
000110001001000000100110010000000000010011001000001000000100000100110
000001110010001110000000010110001001101100110001010000000000000100000
100110001001000000100110010000000000011100001000001000000000001101100
100110001001000000100110010000000000011100001000001000010010000010000
011001110110101110000001001000101000100011001000001000000000000100000
000001110010000000110110110001001101101100110001010000000000000100000

//	4	1.000000e+01	1.757704e+01	100
segsites: 13
positions: 1.337224e-01 2.563703e-01 2.857043e-01 2.996838e-01 3.053086e-01 4.483067e-01 5.227028e-01 5.554401e-01 6.366676e-01 6.621343e-01 7.423677e-01 7.958145e-01 9.177594e-01 
1011000001010
0000100000010
0011010011110
0011000001000
0000100000000
0111001011010
0111001011010
0011010111010
0011010011010
0011000001001
1011000001010
0011010011010

//	5	5.000000e+01	8.120140e+01	500
segsites: 68
positions: 9.611968e-03 5.299768e-02 8.026750e-02 8.520791e-02 8.986893e-02 9.384051e-02 1.010075e-01 1.093094e-01 1.146021e-01 1.327916e-01 1.568438e-01 1.807110e-01 1.934631e-01 2.060950e-01 2.184242e-01 2.433648e-01 2.533791e-01 2.675229e-01 2.709669e-01 2.761808e-01 3.143898e-01 3.264221e-01 3.311214e-01 3.408909e-01 3.609717e-01 3.804088e-01 3.914381e-01 4.353438e-01 4.613435e-01 4.613626e-01 4.816482e-01 5.007384e-01 5.031479e-01 5.102558e-01 5.162118e-01 5.368653e-01 5.564251e-01 5.818594e-01 5.855650e-01 6.094736e-01 6.535338e-01 6.824622e-01 7.062666e-01 7.273128e-01 7.512066e-01 7.711074e-01 7.732147e-01 7.750072e-01 7.786906e-01 8.034633e-01 8.037704e-01 8.107231e-01 8.240711e-01 8.354174e-01 8.548931e-01 8.561034e-01 8.860073e-01 8.919247e-01 9.062052e-01 9.074772e-01 9.106091e-01 9.218326e-01 9.244733e-01 9.404158e-01 9.615293e-01 9.847448e-01 9.941052e-01 9.947949e-01 
00000000000011000000011010000010011100001000000000000000001000011110
10001011000100011100011000000001000010100001010001110000110110100000
00010100110010000000111001100010110101001001010000100100000000001100
00000000000100100010000100000101000010100001010001110000110110100000
00010100000011000000011000000010010100001000000010001000000000000100
00010100000100011100011000000010010100001100000000001001010111000100
00000000001100011100011000001010010100001000001100001000010110000010
00010100000100011101011000010101000010100000000000000000000000001101
00100000000100011100011000000010010100011010000000000010010110000100
01100000000100011100011000000010010100011000000000000000010110000010
00010100000100011100011000000010010100001100100000001000010110000100
00010100000011000000011000000010010100001000000010001000000000000100

//	5	5.000000e+01	8.120140e+01	500
segsites: 46
positions: 2.385662e-02 6.475241e-02 6.721266e-02 7.128630e-02 9.101359e-02 1.017214e-01 1.094228e-01 1.706187e-01 1.773043e-01 2.148479e-01 2.213294e-01 2.559988e-01 2.781749e-01 2.918825e-01 2.923893e-01 2.964119e-01 3.092347e-01 3.490352e-01 3.598743e-01 3.765093e-01 3.940162e-01 4.738437e-01 5.092473e-01 5.108991e-01 5.219360e-01 5.227378e-01 5.972736e-01 6.137135e-01 6.238835e-01 6.300353e-01 6.359629e-01 6.496411e-01 6.628491e-01 6.833961e-01 7.293793e-01 7.481761e-01 7.546877e-01 7.839332e-01 8.036322e-01 8.148801e-01 8.829696e-01 9.027975e-01 9.053024e-01 9.779947e-01 9.828165e-01 9.911371e-01 
0000101000001100011110000000000000110010111010
0001000000001100000000000000000000100011110000
0001000000001100000110101100101000100010110000
0001010111101101000000000000000000110010110100
0001000000001100000000000000000000100011110000
1000101000011100001110101000100000100010110000
1000101000001100000000010001000000101110110001
0000101000001110001110101000100000100010110000
0000101000001110001110101000100000100010110000
0011000011100000101110101010100000100010110100
0101000011100000100001000000000011000000000000
0011000011100000101110101000110100110010110010

//	5	5.000000e+01	8.120140e+01	500
segsites: 57
positions: 1.667736e-02 1.719274e-02 2.802124e-02 3.122845e-02 5.037422e-02 7.456250e-02 8.390029e-02 1.346853e-01 1.923962e-01 2.089448e-01 2.291691e-01 2.580928e-01 2.737680e-01 2.925302e-01 2.977498e-01 3.193365e-01 3.195774e-01 3.340514e-01 3.752715e-01 3.859556e-01 3.981983e-01 4.123735e-01 4.495124e-01 4.766457e-01 5.368664e-01 5.372105e-01 5.559266e-01 5.804106e-01 5.832650e-01 5.990393e-01 6.037833e-01 6.135478e-01 6.191796e-01 6.214451e-01 6.296593e-01 6.504958e-01 6.654153e-01 7.149234e-01 7.242428e-01 7.365625e-01 7.421199e-01 7.434703e-01 7.717208e-01 7.745331e-01 7.775221e-01 8.185655e-01 8.302380e-01 8.371457e-01 8.419663e-01 8.558430e-01 8.676612e-01 8.721371e-01 8.818096e-01 8.917161e-01 9.018244e-01 9.227259e-01 9.820287e-01 
111101000000000000000110100000110000000000000000000000000
000000000000010010100000101000000110101000100000000000010
110110000011000000101000100000000010000001010000000000000
000000000000010010100010100000000010001000010001000000100
110000010000010101000011010000000000011100001010111100001
000000001000001000100100100000001000001000000000000000000
110100000000100000000010100111001001000000000000000010000
000000000001000000100000100000000010000011010000000000000
110100000000000000010110010000001000000000000100000000001
000000100001000000000000100000000010000001010000000000000
000000010100000000100000100000000010000001010000000000000
000000000001000000101000100000000010000000000000000001000

//	5	1.000000e+01	1.624028e+01	100
segsites: 9
positions: 1.555178e-01 4.338240e-01 5.035444e-01 5.445347e-01 5.790468e-01 6.103775e-01 6.361870e-01 7.655297e-01 9.542923e-01 
010000101
001000000
010000111
000010000
000000000
010001100
100000000
000000011
100100000
000000000
100000000
010000111

//	6	5.000000e+01	8.961241e+01	500
segsites: 86
positions: 4.309989e-03 1.988227e-02 4.518594e-02 5.941351e-02 8.490005e-02 8.960020e-02 9.614434e-02 1.058613e-01 1.214793e-01 1.235688e-01 1.405349e-01 1.466828e-01 1.528369e-01 1.771130e-01 1.947694e-01 2.116604e-01 2.120331e-01 2.166159e-01 2.247765e-01 2.506371e-01 2.543113e-01 2.804344e-01 2.894495e-01 2.918336e-01 3.369989e-01 3.422481e-01 3.510218e-01 3.728194e-01 3.740400e-01 3.984645e-01 4.003564e-01 4.017038e-01 4.134477e-01 4.176289e-01 4.381894e-01 4.478302e-01 4.530643e-01 4.605549e-01 4.733901e-01 4.894156e-01 4.896147e-01 5.032672e-01 5.102502e-01 5.354533e-01 5.452804e-01 5.630032e-01 5.702217e-01 5.763500e-01 5.815624e-01 5.971988e-01 5.994683e-01 6.142282e-01 6.235599e-01 6.311164e-01 6.701131e-01 6.912595e-01 7.021258e-01 7.172884e-01 7.267954e-01 7.384927e-01 7.496894e-01 7.561219e-01 7.714855e-01 7.828934e-01 7.846732e-01 7.954886e-01 8.129751e-01 8.390894e-01 8.479667e-01 8.509744e-01 8.515846e-01 8.612557e-01 8.697814e-01 8.703476e-01 8.948198e-01 9.189953e-01 9.252365e-01 9.643441e-01 9.659451e-01 9.748490e-01 9.793659e-01 9.794021e-01 9.829487e-01 9.921221e-01 9.942001e-01 9.988783e-01 
00100000001000000000100001000011100110010001010000100100010010000000000000010001100000
00000001001000000000000000100011010000010001000101000100000000010000100011010000001000
00000000001000100000011000000011000000010011000100000000001001000000000000000000001000
00000000001001010000000000000011010000010001000100000100000100000000000000010001100000
00000001001000000000000000100011010000010001000101000100000000010000100011010000001000
00001110100101000000000000000011100110110001000000010000100000101001011000110000001100
10000110000010000000000100000100001000000001000000001110000001000010000000001111010001
00000001001000000000000000100011010000010001000101000100000000010000100011010000001000
00000000010000001011000000010000000001010101000010010000000001000000000000010001100000
00000000001000000100000110001011100110010001000000010000000001000001001000010000001010
00010000001000000000100000000011101000010000101000010001000000100001001100010000001000
01000110100001000000100001000011100110111001000000000100000000100100000100010000001000

//	6	5.000000e+01	8.961241e+01	500
segsites: 65
positions: 3.576903e-03 1.207889e-02 2.343875e-02 2.998459e-02 6.219415e-02 6.695136e-02 7.919575e-02 9.026863e-02 1.035992e-01 1.050741e-01 1.066608e-01 1.240965e-01 1.475888e-01 1.932105e-01 2.338972e-01 2.621155e-01 2.753968e-01 2.986915e-01 3.362991e-01 3.431801e-01 3.436578e-01 3.443213e-01 3.824916e-01 3.869328e-01 3.891986e-01 3.916772e-01 4.017373e-01 4.195686e-01 4.642240e-01 4.817381e-01 4.825557e-01 4.842916e-01 4.854482e-01 5.046539e-01 5.156481e-01 5.183013e-01 5.307255e-01 5.394098e-01 5.646258e-01 5.677303e-01 5.738133e-01 5.854985e-01 6.440232e-01 6.888246e-01 7.035593e-01 7.097289e-01 7.302876e-01 7.688716e-01 7.874157e-01 7.887697e-01 7.913703e-01 7.984363e-01 8.000673e-01 8.079329e-01 8.272508e-01 8.324538e-01 8.711881e-01 9.100861e-01 9.519734e-01 9.556420e-01 9.631821e-01 9.660549e-01 9.756240e-01 9.761520e-01 9.824654e-01 
10100111001000001010000000010100000001011001101100101000000001010
10100100100000001010000000010100000001011001101100101000010001000
00001000100101100000100010101101001010011000011100101010000100001
01001000100001100000100010101101001010000010000000000101000000100
00000000010010110010000000010100000001011100001001111000001001000
01001000100001100010000000001010010100100011101100101000110001000
10100111001000001010000000010100000001011001101100101000000001000
10110111001000100011001100000010000001011001101100101000000011000
01001000100001100000100010101101001010000010000110101000000011000
00000000010001000110011100001010100100000010001100101000000000000
00000100100000001010000000010100000001011001101100101000000011000
10000101001000100010000001001010100001011000001001101000000011000

//	6	5.000000e+01	8.961241e+01	500
segsites: 89
positions: 4.068920e-03 1.274681e-02 1.494618e-02 3.770839e-02 3.892929e-02 6.737815e-02 6.784120e-02 7.247469e-02 8.820227e-02 1.060679e-01 1.267922e-01 1.478362e-01 1.518242e-01 1.738195e-01 1.847077e-01 1.946098e-01 2.007674e-01 2.102339e-01 2.104846e-01 2.177753e-01 2.243566e-01 2.509234e-01 2.564395e-01 2.581286e-01 2.713126e-01 2.990298e-01 3.161950e-01 3.219353e-01 3.434027e-01 3.608179e-01 4.141697e-01 4.374830e-01 4.412166e-01 4.440064e-01 4.592242e-01 4.838101e-01 4.953572e-01 5.244060e-01 5.261588e-01 5.354622e-01 5.364302e-01 5.402243e-01 5.430519e-01 5.481951e-01 5.561158e-01 5.630569e-01 5.633717e-01 5.761111e-01 5.796811e-01 5.807657e-01 6.096619e-01 6.112514e-01 6.244542e-01 6.415088e-01 6.552000e-01 6.582329e-01 6.603240e-01 6.820339e-01 6.906388e-01 6.913322e-01 7.036209e-01 7.076066e-01 7.249144e-01 7.540802e-01 7.865595e-01 7.896339e-01 7.997366e-01 8.293166e-01 8.387430e-01 8.461983e-01 8.481042e-01 8.493815e-01 8.587937e-01 8.645368e-01 8.648725e-01 8.676698e-01 8.763963e-01 8.874489e-01 8.929153e-01 9.196521e-01 9.211156e-01 9.254634e-01 9.529033e-01 9.546820e-01 9.583397e-01 9.584722e-01 9.603452e-01 9.702705e-01 9.806104e-01 
00101111000001010001000100000101010010111001001000000101000010000101100111000001100000000
00101111001000101110100100000100010010010001001000000101000010000001100110111011101000000
01101111010001010001000001001000100000000010100001100010001100000001100111000010010100001
01101111010001010001000100001000000000000010100000000000101010000001100000011100010011110
00101111000000100100010011000110001000000010100010000000101011000001101000011100010011110
00101111000000101110000100010101010010111001001000000101000010000001100111000001101000000
10010000110011010001000001101100001001000010110001100000001100000011100111000001100000000
10010000110001010001000000000100010010010001001000010000001100000011100111000001100000000
00101111000100101110000100000100010010010110100100000000111010101001110111000001101000000
00101111000001010001001100001000010010010001001000000101000010010001100111000001101000000
00101111000000100100010011000110001100000010100010000000101010000001100111000001100100001
00101111000001010001000100000100010010010001001000101000001100000000000000011010010100001

//	6	1.000000e+01	1.792248e+01	100
segsites: 27
positions: 8.380168e-03 1.153180e-02 4.251808e-02 1.751854e-01 1.834266e-01 1.909236e-01 2.204266e-01 2.360970e-01 2.588887e-01 2.630255e-01 2.667456e-01 2.845218e-01 3.708549e-01 3.929936e-01 4.493122e-01 5.691232e-01 6.040155e-01 6.696468e-01 7.918152e-01 8.235138e-01 8.416037e-01 8.528604e-01 8.530962e-01 8.881212e-01 8.963154e-01 9.352358e-01 9.915164e-01 
100001000001111100000010100
011100100000000010111100000
100001000001111100000010100
100010101010000000111100110
100010101010000001000011100
100010101010000000111100111
100010101010000000111100110
011100100000000000111100110
011100100000000010111100000
100010101010000000111100110
100001000101111100000010100
100010110000000000111100000

//	7	5.000000e+01	5.719687e+01	500
segsites: 60
positions: 5.280776e-05 2.276506e-02 2.606678e-02 4.576780e-02 5.201053e-02 1.236215e-01 1.587618e-01 1.702104e-01 1.737358e-01 1.781013e-01 1.852740e-01 2.225586e-01 2.371642e-01 2.433474e-01 2.853837e-01 2.871962e-01 2.995383e-01 3.236071e-01 3.537573e-01 3.756707e-01 3.946478e-01 4.764843e-01 4.829959e-01 4.906645e-01 5.032270e-01 5.087573e-01 5.182316e-01 5.255794e-01 5.318311e-01 5.444334e-01 5.487148e-01 5.784945e-01 5.920903e-01 6.090942e-01 6.159828e-01 6.175302e-01 6.219124e-01 6.272066e-01 6.475085e-01 6.940062e-01 6.991517e-01 7.021264e-01 7.055719e-01 7.181284e-01 7.230712e-01 7.310910e-01 7.417117e-01 7.422289e-01 7.460110e-01 7.616121e-01 8.206173e-01 8.553087e-01 8.601550e-01 8.651646e-01 8.886509e-01 9.258964e-01 9.273341e-01 9.641618e-01 9.653011e-01 9.771513e-01 
011100010100101000100011100110010100010001010000000001000001
011100010100100000100011100110110100111110100100000000000000
100000110100100000110000001000010110011110100000001000011000
100000001000000010110000001001001001000100100000000100011000
100000010100100001100011110110000100010100100000000100011000
011100010110110000100011101000001001000100100000000000011000
100001001000000010100111100100010100111001010000010010000100
011100010100101000100011100110010100010001011001000001100001
011110010100100000110000001000001001000100110010000010000100
100000010101100000110000001001001001000100100000100000011000
011100010100000010101111100100110100111110100100000000000010
100000010000000100001011100110001001000001010000000000000100

//	7	5.000000e+01	5.719687e+01	500
segsites: 61
positions: 2.511434e-02 3.607171e-02 3.815736e-02 3.997537e-02 4.404982e-02 5.019883e-02 5.504822e-02 1.057938e-01 1.157545e-01 1.221417e-01 1.274974e-01 1.331455e-01 1.414004e-01 1.465624e-01 1.540848e-01 1.723980e-01 1.931465e-01 1.983058e-01 2.114511e-01 2.119943e-01 2.266975e-01 2.386857e-01 2.446898e-01 2.476579e-01 2.536107e-01 2.846536e-01 3.203311e-01 3.300949e-01 3.341334e-01 3.426224e-01 3.620431e-01 4.280841e-01 4.534940e-01 4.976437e-01 5.295837e-01 5.358767e-01 6.051680e-01 6.357469e-01 6.366677e-01 6.479753e-01 6.501917e-01 6.615344e-01 6.757450e-01 6.760296e-01 6.821797e-01 6.836453e-01 7.246479e-01 7.496831e-01 7.793642e-01 7.891366e-01 7.989294e-01 7.998425e-01 8.230168e-01 8.288200e-01 8.422640e-01 8.528826e-01 8.558523e-01 9.750526e-01 9.773628e-01 9.806704e-01 9.890621e-01 
0101000001101000010000100101001100000000100010000000110000010
0101000101101100010000110101010000011100000100000000010000110
0101010010001010010100101101010000010110010001110001000010010
0101000001101000010010100101001110000000100010000000000100010
0101000001101000010000100111001100000001100010000010010000010
0101000000000000010000100101001100000000100010000101000001000
0000000000000000101000100000100001000100000100000001001000010
0101000001101000010000100111001100000001100010000010010000010
0010101000011001011001000000100100100110001010001001000000011
1000000000000000001000100000100001000100000100000001001000010
0000000001101000010000100101001100000000100010000000010000010
0101000001101000010000100101001100000000100010000000010000010

//	7	5.000000e+01	5.719687e+01	500
segsites: 55
positions: 1.029521e-02 2.795939e-02 3.787045e-02 3.958540e-02 6.283699e-02 8.409863e-02 1.122245e-01 1.464899e-01 1.546366e-01 1.655390e-01 1.895422e-01 2.186947e-01 2.460720e-01 2.590290e-01 2.602991e-01 2.793432e-01 2.966821e-01 3.471269e-01 3.601252e-01 3.673931e-01 3.740670e-01 3.791431e-01 4.045074e-01 4.382970e-01 4.552934e-01 4.688699e-01 4.757854e-01 4.812824e-01 4.869322e-01 4.884279e-01 4.996469e-01 5.088952e-01 5.230064e-01 5.437655e-01 5.522136e-01 5.721855e-01 5.863980e-01 6.316957e-01 6.488342e-01 6.946628e-01 7.155043e-01 7.355263e-01 7.377739e-01 7.469592e-01 7.711699e-01 7.802004e-01 7.853034e-01 8.398232e-01 8.417469e-01 9.144449e-01 9.430296e-01 9.449131e-01 9.450090e-01 9.701997e-01 9.841221e-01 
0100000000100010000000000100010000000001100000000111011
0010000000010010000000001001000010110000000100100010011
0100000000100010000000000100010000000001100000001000000
0000000001000000000000010000110110100000000100101000000
1000000000011011001100000100010000000001100000000110011
0000000011000000000000000010110110100000001100100000101
0000001000000010000000001000001000000000000011000010011
0000001000000100000000000000010000000110010000100000101
0100100000100010000001000000110110100000000100000000000
0001010001000000000010000000110110110000000100100000101
0010000000010010010010000000110110110000000100100010011
0000001100000010100010100000110101001110010000010000001

//	7	1.000000e+01	1.143937e+01	100
segsites: 12
positions: 2.305968e-02 4.026562e-02 1.171444e-01 1.855760e-01 2.323001e-01 2.793804e-01 3.323197e-01 4.551709e-01 6.779934e-01 7.445092e-01 8.047062e-01 8.799157e-01 
111100100101
011100000010
011100100000
011110101001
011100110101
011101001001
011110101001
011100000010
000000101001
000000100010
011110101001
011100000101

//	8	5.000000e+01	5.043258e+01	500
segsites: 74
positions: 2.794820e-03 6.959294e-03 9.407763e-03 1.248828e-02 1.913836e-02 1.930929e-02 3.891991e-02 6.745330e-02 9.885412e-02 1.062117e-01 1.075563e-01 1.215267e-01 1.255882e-01 1.274020e-01 1.393358e-01 1.454787e-01 1.465213e-01 1.538321e-01 1.569959e-01 1.591211e-01 1.692185e-01 1.874973e-01 1.957937e-01 1.963169e-01 1.984711e-01 2.020971e-01 2.215997e-01 2.253340e-01 2.273072e-01 2.331018e-01 2.524066e-01 2.533528e-01 2.571608e-01 2.603055e-01 2.690032e-01 2.971217e-01 3.141756e-01 3.300114e-01 3.329595e-01 3.405760e-01 3.478652e-01 3.784290e-01 4.638158e-01 4.750845e-01 5.026829e-01 5.292626e-01 5.423240e-01 5.794710e-01 5.898614e-01 6.319217e-01 6.530560e-01 6.741078e-01 6.823895e-01 6.836968e-01 6.920597e-01 7.020648e-01 7.124857e-01 7.149583e-01 7.180317e-01 7.629036e-01 7.800920e-01 7.927877e-01 7.966996e-01 8.247631e-01 8.380498e-01 8.390986e-01 8.425947e-01 8.651915e-01 8.702742e-01 8.850587e-01 8.981052e-01 9.107640e-01 9.219685e-01 9.508896e-01 
00100000001000010010100110100000101000000000101000011000000010000001010000
00000000000000010010000010000011001000000100000001010000000110100000000000
01000001001010110001100010010011001010010001010100100011101000000100100000
01000001001010010001000000001000011000000100000000011000000010000000010000
10010000001000010010100010000011001000001000000000010000000010001000000000
00000110100101001100010010000100100000000010000000010000000010010110100100
10010000100101001100010010000000100001000010000010010000010000000100101000
10010000110101001100011010000000100000000010000000010000000011010110100000
10011000110101001100010011000000100000000010000000010000000010001000000000
00100001001000010001000000001011000100000010000000100010101000000100100010
01000001001010010001000000001000011000100110000000010000000010010110100001
00000000000000010010100010000011001000001000000000010100000010001000000000

//	8	5.000000e+01	5.043258e+01	500
segsites: 82
positions: 4.444557e-04 3.439471e-03 1.311922e-02 2.371380e-02 2.985532e-02 3.367919e-02 4.598924e-02 8.036029e-02 8.447488e-02 8.788137e-02 9.853258e-02 1.144817e-01 1.192046e-01 1.339377e-01 1.506791e-01 1.582921e-01 1.683748e-01 1.823334e-01 2.512511e-01 2.649266e-01 2.706633e-01 2.856655e-01 3.219524e-01 3.650543e-01 3.706831e-01 3.729908e-01 3.801272e-01 3.804015e-01 4.042599e-01 4.417549e-01 4.435210e-01 4.522453e-01 4.589857e-01 4.639911e-01 4.731008e-01 4.849987e-01 4.976963e-01 5.029076e-01 5.135261e-01 5.204184e-01 5.301006e-01 5.420511e-01 5.536553e-01 5.629811e-01 5.824538e-01 6.046736e-01 6.072033e-01 6.228578e-01 6.402091e-01 6.574448e-01 6.626286e-01 6.672188e-01 6.695443e-01 6.773559e-01 7.127985e-01 7.267600e-01 7.560912e-01 7.615612e-01 7.629627e-01 7.634938e-01 7.737311e-01 7.763799e-01 7.960134e-01 7.970076e-01 7.990269e-01 8.054546e-01 8.091613e-01 8.214171e-01 8.255382e-01 8.272424e-01 8.435803e-01 8.560376e-01 8.654096e-01 8.714742e-01 8.964218e-01 8.966958e-01 8.968658e-01 9.057908e-01 9.121525e-01 9.235999e-01 9.295517e-01 9.954972e-01 
0010010000010000010010101000000001010000100000010010010100010000111100000000010000
0010010001010000010000010100000001110010001000000100001011100111000000100000100010
0110010000010000010110000000000001010000000000010011010100011000101100000110001101
0010010001010000010000010100000001110010001000000100001011100111000000100000100010
0010010000010000010011100011000001010000000100010010010100010000101101000110001100
0000010000100011100000000000010110000000000001110010010100010000111100000001000000
0010010010010000010010000000000001010100000000001100101011100111000000101001000000
1110010000010000010010000000000001010000000001110010010100010000111100000001000000
0001101100011100011010000000001001010001000000000010010100010000101110000110001100
0010010001010000010000010100000001110010001000000100001011100111000000100000100010
0000010000000011100000000000010110011000000000010010010100010000111100010001000000
0010010010010000010010000000100001010000010010010010010100010000101100000000000000

//	8	5.000000e+01	5.043258e+01	500
segsites: 55
positions: 2.602180e-02 3.299093e-02 3.566096e-02 3.920307e-02 4.335836e-02 5.657781e-02 6.731144e-02 7.319823e-02 7.695757e-02 7.924438e-02 8.063619e-02 8.717371e-02 8.897391e-02 9.225490e-02 1.067178e-01 1.405534e-01 1.446518e-01 1.452339e-01 1.848229e-01 2.117902e-01 2.448365e-01 2.474131e-01 2.513227e-01 2.523364e-01 3.624132e-01 3.684335e-01 3.760552e-01 3.764120e-01 3.924464e-01 4.062810e-01 5.170909e-01 5.316981e-01 5.724735e-01 6.095394e-01 6.171014e-01 6.270861e-01 6.336862e-01 6.780129e-01 6.932894e-01 7.022811e-01 7.236911e-01 7.414836e-01 7.631367e-01 7.722395e-01 7.725293e-01 7.994725e-01 8.163769e-01 8.169126e-01 8.574472e-01 9.037467e-01 9.317997e-01 9.760867e-01 9.825619e-01 9.886897e-01 9.911152e-01 
1000000011000000000100000010000000001000011101001001010
0110101100010110000000000010000000000000000000001010001
1000000011001101100000010010100001110011001101010000010
1000000011100000000000100010000000001000011101001001010
1000010011001000000011000000000000000000011101001001110
1000000011000001100000000110000010000000000010001010001
1000000011100000000000000010001000000000111101101001010
1000000011000000000000001010000000000000000000001010001
1001000011001000000000000010110001100100000000001010001
0110001000010100001000000001000100000000011101001001110
0110001000010100001000000001000101100100011101001101010
1000000011001000010000010010100000000000011101001001010

//	8	1.000000e+01	1.008652e+01	100
segsites: 8
positions: 1.807376e-01 2.069200e-01 2.638615e-01 4.050814e-01 4.341491e-01 5.008071e-01 7.684482e-01 9.379918e-01 
00000000
01000000
00000000
00001010
00000000
00001010
10000000
00101010
00010111
00000000
00001010
00000000

//	9	5.000000e+01	8.387872e+01	500
segsites: 71
positions: 1.336580e-03 8.519358e-03 2.106341e-02 3.270063e-02 3.926670e-02 4.378449e-02 4.627314e-02 4.733521e-02 4.736628e-02 5.089003e-02 6.650914e-02 6.807744e-02 7.428447e-02 7.886924e-02 8.118912e-02 8.200247e-02 1.145954e-01 1.391301e-01 1.433759e-01 1.742226e-01 2.026473e-01 2.222214e-01 2.264673e-01 2.511431e-01 2.784397e-01 2.847890e-01 2.867164e-01 2.889129e-01 2.905284e-01 3.039013e-01 3.046306e-01 3.352184e-01 3.422277e-01 3.846591e-01 3.927502e-01 4.246003e-01 4.328325e-01 4.363889e-01 4.970785e-01 4.987348e-01 5.249169e-01 5.283934e-01 5.301181e-01 5.302851e-01 5.614606e-01 5.873387e-01 6.002976e-01 6.006444e-01 6.221106e-01 6.279501e-01 6.281535e-01 6.596849e-01 6.768971e-01 7.129694e-01 7.220162e-01 7.305147e-01 7.430618e-01 7.444805e-01 7.548899e-01 7.917572e-01 7.924430e-01 7.937218e-01 7.977305e-01 8.146223e-01 8.359654e-01 8.785041e-01 8.960878e-01 9.335865e-01 9.500678e-01 9.886523e-01 9.934032e-01 
10000000010001011010000000011001000000000010000000000000000000000000000
11100000010001010010000010011001000010100000000000100110000000000011000
10000000101010100010110100100000100000101000000010000000000000100001001
11101001010001011110000000011001000000100001000000000010000110000100000
11100000010001010010000010011001001000100000000000100110000000000001000
11110000010001011011000100100100100000100100100100001110000000001000000
10000000101010100000000000100000110000100000000000000000000000100001001
11100010010001011011000100100001000000100100000000010000000000010000100
11100001010001011110001001011001000000110100000000000001111000000000000
11110100010001010000000000100010100001000000011001000000000110000100010
00000000001110100000000000100000100000100100000000000010000111000100000
11100000010001011010000000100000100100100100000000000001011000000000000

//	9	5.000000e+01	8.387872e+01	500
segsites: 103
positions: 2.751688e-02 3.449667e-02 4.714649e-02 5.788882e-02 6.809682e-02 7.024255e-02 7.327688e-02 9.377164e-02 9.952774e-02 1.013803e-01 1.044457e-01 1.054353e-01 1.124402e-01 1.262242e-01 1.368105e-01 1.483331e-01 1.547295e-01 1.579338e-01 1.794694e-01 2.123186e-01 2.186647e-01 2.441475e-01 2.444229e-01 2.496347e-01 2.726036e-01 2.815542e-01 3.367892e-01 3.418398e-01 3.435485e-01 3.470569e-01 3.508437e-01 3.510044e-01 3.620286e-01 3.721130e-01 3.998548e-01 4.191812e-01 4.296713e-01 4.376806e-01 4.456050e-01 4.616619e-01 4.658099e-01 4.666666e-01 4.682850e-01 4.771619e-01 4.933618e-01 4.970075e-01 4.982485e-01 5.064718e-01 5.089316e-01 5.109116e-01 5.255855e-01 5.680147e-01 5.822588e-01 5.874167e-01 5.987794e-01 6.034277e-01 6.039733e-01 6.046187e-01 6.152713e-01 6.288970e-01 6.333635e-01 6.422206e-01 6.456897e-01 6.715473e-01 6.792728e-01 6.845825e-01 6.932182e-01 6.939978e-01 6.986985e-01 7.010498e-01 7.039658e-01 7.089139e-01 7.184990e-01 7.505785e-01 7.551625e-01 7.596903e-01 7.819694e-01 7.862999e-01 7.918512e-01 7.994926e-01 8.019537e-01 8.077038e-01 8.176820e-01 8.204287e-01 8.355537e-01 8.547465e-01 8.804757e-01 8.832600e-01 8.845402e-01 8.952312e-01 9.032914e-01 9.141106e-01 9.256615e-01 9.443345e-01 9.587031e-01 9.615622e-01 9.628262e-01 9.713518e-01 9.898804e-01 9.943410e-01 9.986405e-01 9.993168e-01 9.996853e-01 
0000111101000000000000001000001000110010000110101001001000110100001010000000011000000000010000001000001
1010000000000001000110000001100001000100100000000000000010001100001010101001011000000000011001011100001
0000110000000000101000101000001010000010000110100001001000110100001010000000011001010101100000101010001
0000110101000000000000001000001000110010000110101001001000110100001010000000011000000000010000001000001
0100110000110100010000011010000100001010010001010010000001000100110100000000110100100001100100000000110
0001110001001000000010000110000100001000000000000100100010000011001010000111000000001000010000001000000
0100110000110100010000011010000100001011000110100001000010001100001000000001011001010010010001000000001
0000110000000000000000001000001000000010000110100001000010000100001010000000011001010101100000101010001
0000110000000000000000001000001000001010000010100001000000111100001001000001011001010000000010001000001
0000110000000000000000001000001000100010001110100001000000111100001000000001011001010000000010001001000
0000110000000000000000101000011000001010010001000011011000110100001010001001011011010000000010001000000
0001110011000010000001001000001000100010000001000010000100000100001010011111000000000001100100000000000

//	9	5.000000e+01	8.387872e+01	500
segsites: 99
positions: 2.904077e-03 7.191431e-03 1.891752e-02 3.136987e-02 5.655384e-02 5.708196e-02 7.545669e-02 7.646991e-02 7.968410e-02 8.932271e-02 1.060624e-01 1.129220e-01 1.152600e-01 1.219120e-01 1.301529e-01 1.398302e-01 1.404656e-01 1.441881e-01 1.575860e-01 1.602261e-01 1.616785e-01 1.672410e-01 1.733172e-01 1.767827e-01 1.768619e-01 2.150562e-01 2.326842e-01 2.631738e-01 2.775986e-01 2.909999e-01 3.142832e-01 3.416363e-01 3.601215e-01 3.980091e-01 4.034504e-01 4.038184e-01 4.086905e-01 4.655181e-01 4.748498e-01 4.817166e-01 4.853358e-01 4.988181e-01 5.038085e-01 5.066420e-01 5.196374e-01 5.264636e-01 5.320006e-01 5.418115e-01 5.444308e-01 5.548710e-01 5.615229e-01 5.635180e-01 5.662511e-01 5.703298e-01 5.831534e-01 5.898839e-01 5.939501e-01 6.036645e-01 6.188989e-01 6.263483e-01 6.355347e-01 6.362528e-01 6.370730e-01 6.402062e-01 6.413632e-01 6.823128e-01 6.843954e-01 7.018668e-01 7.079538e-01 7.370445e-01 7.430870e-01 7.963227e-01 8.113808e-01 8.156405e-01 8.159845e-01 8.277881e-01 8.310266e-01 8.381911e-01 8.428183e-01 8.509877e-01 8.570762e-01 8.635844e-01 8.981358e-01 9.047087e-01 9.061865e-01 9.212267e-01 9.267415e-01 9.279821e-01 9.294370e-01 9.334086e-01 9.358878e-01 9.567990e-01 9.595566e-01 9.596574e-01 9.692265e-01 9.737053e-01 9.846633e-01 9.902268e-01 9.946213e-01 
000100001010000101100001100010100000000000000011001010100000100010001001001101000110000100000000000
000100001010000101000001100010100000000000000011001010100000100010110000001110010000100001000011000
000000001100011010000001000000001101100000000011001010100000100010110000001110010000100001000011000
100101000001000000000000010000000110010101100001011010100001000100000001001101000010000110000000010
000100001010000101000001100010000000000000000000100001011001010000110000001101000010000100001000001
000010010001000010000001000001001000001000000111100101011001010000000000110000100001010100000011000
000000001100011010001010000000010000000000011011001010100111000011000000110010010000100001000011000
001000101100011010001010010100000110000001100000100001011001010000000000110000100001000001110100001
100101000001000000000000010000000110010101100001001010100001000100000001001101000010000100000011000
000000001000011010011101011100000110000011100000100001011001010000000000110000100001000001110100001
010101000100111010000001000000001101100000000001001010100001001100000110110000101001011100000010101
000000001100011010001010000000010000000000011011001010100011000011000000110010010000100001000011000

//	9	1.000000e+01	1.677574e+01	100
segsites: 12
positions: 1.838602e-01 2.248513e-01 3.089989e-01 3.118637e-01 3.258186e-01 4.217602e-01 6.186684e-01 6.541458e-01 6.937042e-01 8.106580e-01 8.215504e-01 9.401472e-01 
100000000100
000000001100
000000010000
000000000101
001000100100
000100000110
000000000000
000000000000
000000000100
000011000100
000000000100
010000000000

//	10	5.000000e+01	6.686886e+01	500
segsites: 65
positions: 9.132189e-03 2.950797e-02 6.138733e-02 6.171862e-02 6.197960e-02 1.117700e-01 1.166273e-01 1.251658e-01 1.252540e-01 1.276171e-01 1.304602e-01 1.331126e-01 1.447613e-01 1.571839e-01 1.718048e-01 1.774620e-01 1.809932e-01 1.869772e-01 1.877859e-01 1.891242e-01 1.973366e-01 1.979628e-01 2.037186e-01 2.153659e-01 2.249230e-01 2.319352e-01 2.762140e-01 2.767685e-01 2.900855e-01 3.071170e-01 3.212082e-01 3.508236e-01 4.012582e-01 4.067797e-01 4.192524e-01 4.437865e-01 4.571217e-01 4.626985e-01 4.768790e-01 4.841449e-01 5.533241e-01 5.588294e-01 5.595007e-01 6.030552e-01 6.068690e-01 6.361061e-01 6.372094e-01 6.800744e-01 6.938567e-01 7.145451e-01 7.166752e-01 7.397831e-01 7.425854e-01 7.536051e-01 7.722957e-01 7.734919e-01 7.797261e-01 7.818320e-01 7.904408e-01 8.159433e-01 8.844931e-01 8.968488e-01 8.998806e-01 9.067226e-01 9.565478e-01 
00000110101000001100100100001100100001000000010001110001000100010
00101000100000001110101010001010001000000000000001110001110101010
00001111010011110001010100001101001000001000000011110001110101010
10001111010011110001010100001101010000000010000100000110000000000
01001000100000001110100010001010000011000000011001110001111101010
00010000100000001110100010001010001000000000000001110001110111010
00101000100000001110100010001010001100000000000011110001110101010
00000110101100001100100011001010001000110000010001111001110101010
00010000100000001110100010001010001000000001000001110001110100011
00001000100000001110100010011010001000000110000001110001110100010
00001000100000001110100010100010000001000000110001110001110101010
00000110101000001100100100001100100001000000010001110001000100110

//	10	5.000000e+01	6.686886e+01	500
segsites: 50
positions: 6.109873e-02 7.963944e-02 8.733143e-02 8.985948e-02 9.008647e-02 1.037314e-01 1.133858e-01 1.156369e-01 1.166565e-01 1.183516e-01 1.238675e-01 1.305404e-01 1.318688e-01 1.323980e-01 1.385434e-01 1.428515e-01 1.751217e-01 2.092169e-01 2.160010e-01 2.589460e-01 3.252213e-01 3.267345e-01 3.571260e-01 3.793945e-01 3.819868e-01 3.826905e-01 3.846545e-01 3.925249e-01 3.945857e-01 3.968747e-01 4.021100e-01 4.552037e-01 4.714540e-01 5.052067e-01 5.229772e-01 5.254739e-01 5.640741e-01 5.690353e-01 6.408776e-01 6.572032e-01 7.072390e-01 7.839773e-01 8.870708e-01 8.889447e-01 8.961309e-01 9.050251e-01 9.335334e-01 9.437878e-01 9.467436e-01 9.980358e-01 
11101110001110000000000000000001100011000100100000
11101110001110000000000010110001000000010000100110
00000000110000110000000000000000000000100001010000
11101110001110000000000010110001000000001001010001
00000000010001110000010100000001000000000000100110
00000000010000110000000000000000001100001001011000
11101001010000111011001000011111000000001100100000
00010110001110000000000000010001000000000000100110
00000000010000110000100001000000000000100100100000
11101110001110000000000010110000100000100011000000
00000000010000110100000010110000100000100001010000
00000000010000000000000010110000110000100001011000

//	10	5.000000e+01	6.686886e+01	500
segsites: 61
positions: 1.212598e-04 2.519147e-03 2.891724e-02 4.729990e-02 4.927488e-02 5.666844e-02 8.318368e-02 9.385014e-02 1.068951e-01 1.078987e-01 1.849359e-01 1.874380e-01 1.931382e-01 1.932921e-01 1.957385e-01 2.045168e-01 2.211290e-01 2.270483e-01 2.326361e-01 2.410217e-01 2.430857e-01 2.461304e-01 2.462773e-01 2.720124e-01 2.949116e-01 3.120858e-01 3.201459e-01 3.614904e-01 4.304239e-01 4.557816e-01 4.652324e-01 4.701455e-01 5.479954e-01 5.846702e-01 6.146216e-01 6.181844e-01 6.481435e-01 7.251651e-01 7.893356e-01 8.077258e-01 8.110875e-01 8.145508e-01 8.243282e-01 8.290755e-01 8.420958e-01 8.502479e-01 8.545811e-01 8.559486e-01 8.578162e-01 8.594362e-01 8.652200e-01 8.659799e-01 9.025697e-01 9.096457e-01 9.272489e-01 9.357414e-01 9.576175e-01 9.688536e-01 9.707059e-01 9.740472e-01 9.803089e-01 
0100100001011000001000001000010000000101010001100101010110011
0011001100011000001000000010001100100001010001100111011010000
0100100001011000001000001000010000000010101101100101010110011
0100100001011000001000001000010001000101010000011000100001000
0000111000011001010111110000001000010101010011100101010010100
0011001000011000001000000000000000000001010001100101010010000
0100100001011000001000001000010000000010101100011000100001000
0100100001011000001000001000010000001001010001100101010010000
0101001000011001010111110000001000010101010001100101010010100
1011001000100110110111010101001000010101010001100101010010100
0000100010011000001000000000110010000001010001100101010001000
0011001100011000001000000010001100100001010001100111011010000

//	10	1.000000e+01	1.337377e+01	100
segsites: 10
positions: 7.683650e-02 8.134387e-02 1.105060e-01 1.308151e-01 1.612815e-01 1.944538e-01 3.418908e-01 3.887502e-01 6.471084e-01 7.265630e-01 
1000000000
1010000000
1000000000
0000010101
0001000000
0001010000
0001110010
1100000000
1000001000
0001000000
1000000000
0001010000
