./msABC 12 10 -t 10 -r 10 100 -eN 0.01 0.3 --frag-begin --finp fragments.txt --frag-end --verbose -seeds 1 2 3 
//	1	5.000000e+01	5.000000e+01	500
segsites: 62
positions: 6.676571e-03 2.891671e-02 5.596813e-02 5.641894e-02 8.253706e-02 1.227086e-01 1.373807e-01 1.443355e-01 1.463280e-01 1.484244e-01 1.678195e-01 2.014754e-01 2.018072e-01 2.124334e-01 2.182248e-01 2.426176e-01 2.501654e-01 2.806767e-01 2.967628e-01 3.154106e-01 3.290564e-01 3.454887e-01 3.952951e-01 4.060397e-01 4.120248e-01 4.494080e-01 4.617165e-01 4.639832e-01 4.832200e-01 5.088811e-01 5.239929e-01 5.470704e-01 6.051522e-01 6.149679e-01 6.166036e-01 6.490538e-01 6.539558e-01 6.587603e-01 6.697575e-01 6.859765e-01 6.900604e-01 6.922729e-01 7.376287e-01 7.398691e-01 7.485584e-01 7.691926e-01 7.729529e-01 8.107828e-01 8.353875e-01 8.585442e-01 8.595083e-01 8.715042e-01 8.754008e-01 8.868073e-01 8.935072e-01 9.092533e-01 9.096634e-01 9.209593e-01 9.302562e-01 9.415549e-01 9.737657e-01 9.878488e-01 
10111001111001000110011011100000011010101010101000010000010100
00111001111001000110011011110000011000001010101000011000010100
00001001111011000110111101100001000001000000010000100110000100
10111001111001000110011011100000011000001011101000010001010100
10000100000100111000010000001110011100001010101001010000000001
10111001111001000110011011100000011000101010101000010000010100
00111001111001000110011001100000000001001100010100100110001100
00011001111001000110011001100000000001001100010000100110001100
00111001111001000111011001100000100001001100010000100110101100
00011001111001000110011001100000000001001100010000010000010100
01001001111011000110111101100001000001000000010010100110001100
00011011111000000000000000001110011100011010101000010000010110

//	1	5.000000e+01	5.000000e+01	500
segsites: 42
positions: 1.721423e-02 2.335003e-02 4.189319e-02 7.198639e-02 8.309100e-02 1.291096e-01 1.360532e-01 1.505838e-01 1.515354e-01 1.706783e-01 1.756499e-01 2.090347e-01 2.273697e-01 2.378171e-01 2.603791e-01 3.005129e-01 3.179534e-01 3.206848e-01 3.636875e-01 3.800324e-01 3.835761e-01 4.079115e-01 4.123939e-01 4.191092e-01 4.359129e-01 5.411166e-01 5.615095e-01 5.626689e-01 5.629861e-01 5.635833e-01 5.779198e-01 6.020880e-01 6.146104e-01 6.181945e-01 6.420016e-01 7.045640e-01 7.707992e-01 8.880926e-01 9.168698e-01 9.358725e-01 9.455643e-01 9.620062e-01 
000001000001000010100001001111111000010011
000001000001000010100001000000000011000100
000001000001000010101001001111011000001000
000001000001000010100001000000000111000000
111100111010011000000010000000000011000000
000001000000011100010001000000000010100000
101000111010111001000110100000000111000000
000001000001000010100001001111011000001000
000001000101000010010000010000000011000000
101000111010011000000010100000000011000100
101000111011000000010000000000000011010011
000011000001000000010000000000000011000000

//	1	5.000000e+01	5.000000e+01	500
segsites: 68
positions: 1.924451e-02 3.351062e-02 4.419718e-02 5.180194e-02 5.497307e-02 7.499296e-02 9.480598e-02 1.142040e-01 1.266929e-01 1.383256e-01 1.587967e-01 1.829125e-01 1.844852e-01 1.903805e-01 1.949384e-01 2.044952e-01 2.059630e-01 2.102105e-01 2.252430e-01 2.314686e-01 2.336008e-01 2.576320e-01 2.667247e-01 3.049326e-01 3.137517e-01 3.288323e-01 3.338281e-01 3.390261e-01 3.548854e-01 3.629955e-01 3.726837e-01 3.886133e-01 4.085095e-01 4.090245e-01 4.610934e-01 4.721066e-01 4.929039e-01 5.435592e-01 5.701433e-01 5.758840e-01 6.037051e-01 6.253339e-01 6.487819e-01 6.616725e-01 6.659347e-01 6.956934e-01 7.008378e-01 7.117396e-01 7.558285e-01 7.613326e-01 7.647568e-01 7.991454e-01 8.087975e-01 8.204167e-01 8.390351e-01 8.515771e-01 8.885323e-01 9.011203e-01 9.023190e-01 9.127984e-01 9.163594e-01 9.398137e-01 9.528992e-01 9.731837e-01 9.797993e-01 9.820365e-01 9.853936e-01 9.882894e-01 
00001011001100010101000001100100110001010001011010110001100001110000
00011011001100010101000001001000010001010101001010010001001000110000
00001011001100010101000001001000001010101010101010010001100001110000
00001011001100010101000001001000010001010001001010010001100001110000
11100000000001100010011110000010000001010001001010010001100000110000
00001011001100010101000001001000010000101010100101001000001010001101
00000000010010000001100001110100000101011001001000000001010100100000
00001011101100010101000001100101000101011001001000000011010100110000
00000000010010000001100001110100000101011001001000000001010100100000
00001011001100011101000001001000010001010010100101001000001000001101
11100100000001100010011110000010000001010001001010010001001000110000
11100000000001100010011110000010000001010001001010010101100000110010

//	1	1.000000e+01	1.000000e+01	100
segsites: 7
positions: 2.171163e-01 2.688420e-01 2.914483e-01 4.138326e-01 4.958384e-01 9.674617e-01 9.896105e-01 
0100000
0000010
0001011
0100000
0100000
0000111
0100000
0110000
0100000
1100000
0000011
0000011

//	2	5.000000e+01	5.000000e+01	500
segsites: 48
positions: 1.008843e-01 1.342124e-01 1.367115e-01 1.809341e-01 2.696462e-01 2.762988e-01 2.904655e-01 3.465766e-01 3.521016e-01 3.533646e-01 3.763560e-01 3.765044e-01 3.859803e-01 3.876611e-01 3.922229e-01 3.996157e-01 4.354311e-01 4.382966e-01 4.744072e-01 4.804011e-01 4.895440e-01 5.110841e-01 5.528371e-01 5.561227e-01 5.565843e-01 6.007029e-01 6.244565e-01 6.577867e-01 6.806327e-01 7.247992e-01 7.248034e-01 7.324425e-01 7.822036e-01 7.962192e-01 8.002773e-01 8.031350e-01 8.557042e-01 8.762853e-01 8.946428e-01 8.967200e-01 9.010441e-01 9.112593e-01 9.185587e-01 9.346410e-01 9.358217e-01 9.556547e-01 9.685976e-01 9.953663e-01 
101000001010110100100010111001010000010100100011
000100001010010110001100000001010001010100100010
110011010101000000001100000100100000010100100011
001000001010110100100010101011011001010100100000
010011010101000001001000001001010000010100100011
110011010101000000001100000100100000010100100011
010011010101000000011100001001010110101001011100
110011010101001000001000001001010001010100100010
000000101010010100001100000001010001010110100010
000000010101000000001101000001010000010100100011
001000001010110100100010101011011001010100100000
000000010101000000001100000001010001010100100000

//	2	5.000000e+01	5.000000e+01	500
segsites: 34
positions: 3.229209e-02 5.093296e-02 6.193839e-02 1.093298e-01 1.646078e-01 1.711070e-01 1.840122e-01 2.427155e-01 2.432429e-01 3.003396e-01 3.878461e-01 4.218853e-01 4.431005e-01 5.452238e-01 5.666211e-01 5.746498e-01 5.997379e-01 6.378113e-01 6.391055e-01 6.710483e-01 6.992318e-01 7.576855e-01 7.739970e-01 7.904367e-01 8.367234e-01 9.053117e-01 9.056046e-01 9.320880e-01 9.445368e-01 9.551446e-01 9.552393e-01 9.568104e-01 9.630564e-01 9.701743e-01 
0011100000001111000110000110001000
0011000100000000000010000110010000
0000000100101101000001000000100001
1011010010001101100000010000000000
0011001100010001010000000000000000
0011100000001000000010100000010000
0011000100000000001010100001000110
0000000000000000000010000001000010
0110000000000000000110000110001000
0011100000001101000110000110001000
0011000100010001010000000000000000
0110000001000000000010001000000000

//	2	5.000000e+01	5.000000e+01	500
segsites: 59
positions: 2.308318e-02 3.636892e-02 1.198971e-01 1.329507e-01 1.534267e-01 1.653085e-01 1.706136e-01 2.297136e-01 2.668916e-01 2.711912e-01 2.999829e-01 3.064838e-01 3.315586e-01 3.408957e-01 3.423524e-01 3.779453e-01 3.799905e-01 3.992009e-01 4.050900e-01 4.142021e-01 4.374170e-01 4.390596e-01 4.513922e-01 4.725137e-01 4.858983e-01 4.866315e-01 5.028442e-01 5.037587e-01 5.192863e-01 5.517947e-01 5.709493e-01 5.851246e-01 5.966450e-01 6.248952e-01 6.283342e-01 6.578022e-01 6.764350e-01 6.872002e-01 6.922255e-01 7.102774e-01 7.557381e-01 8.016815e-01 8.270561e-01 8.290065e-01 8.448347e-01 8.562494e-01 8.698237e-01 8.858605e-01 9.016520e-01 9.088418e-01 9.213908e-01 9.252272e-01 9.363971e-01 9.409915e-01 9.466857e-01 9.546536e-01 9.862888e-01 9.943281e-01 9.948831e-01 
00001000010011100101001001001011000100000000100011000000000
00001000010011000101001001001010000000000100000011000010000
11100000000000001001000001000010010011000001000011000000010
00100100001000010000110100000000000000000100000011000011000
00001000010011000100010000100000000100001000000100011000001
10001000000001000101001011000101001100000000000011001000001
10110000100100010000010000000001000100000000000011000100000
00001001010011000101001001011010000000000100000011100010000
10110010100100010000010000000001000100000010000100011000101
10110000100100010111001001001010000000000100000011000000000
10110000100100010000010000000001000100000000001011000000000
00100100001000010000110100000000100100110100010011000010000

//	2	1.000000e+01	1.000000e+01	100
segsites: 7
positions: 1.271761e-01 3.443762e-01 4.034840e-01 4.133177e-01 5.407343e-01 8.050796e-01 8.284955e-01 
0000011
0000011
1101000
1101000
1101000
0000011
0000111
1101000
1111000
0000011
1101000
1101000

//	3	5.000000e+01	5.000000e+01	500
segsites: 53
positions: 1.160454e-01 1.296924e-01 1.396921e-01 2.037171e-01 2.086565e-01 2.258309e-01 2.860823e-01 3.063960e-01 3.173818e-01 3.259925e-01 3.279275e-01 3.442285e-01 3.457321e-01 3.469541e-01 3.584025e-01 3.751548e-01 4.048430e-01 4.118807e-01 4.246989e-01 4.314606e-01 4.823208e-01 5.193932e-01 5.245371e-01 5.284402e-01 5.363018e-01 5.399521e-01 5.421105e-01 5.499815e-01 5.971798e-01 6.109585e-01 6.340493e-01 6.386650e-01 6.388409e-01 6.455096e-01 6.621993e-01 6.820986e-01 7.064771e-01 7.290229e-01 7.404081e-01 7.590146e-01 7.598127e-01 7.606371e-01 7.757147e-01 8.151594e-01 8.166357e-01 8.265649e-01 8.479884e-01 8.815914e-01 8.824414e-01 9.130331e-01 9.312226e-01 9.345807e-01 9.541360e-01 
00001100000101100000001000010010100100100010010111000
00110000001110000001010010100100010010000100100000000
00001100010100100010001100010000100100100010010101000
00110000001100000001010010100101010010001100100000000
00001101010100100000001100010000100100100010010101000
00001100010100100000001100010000100100110010010101000
00000000000000011001110000010000100101000000010000010
00110000001000010101110000010000100100000100000000000
00001100000101100000001000010000100100100011010111001
10000010100100000000000000011000001000000000011000010
01001100000101100000001000010000100100100010010101100
00001100000100100000001001010000100100100000100000000

//	3	5.000000e+01	5.000000e+01	500
segsites: 42
positions: 1.995162e-02 6.000704e-02 8.513271e-02 8.636819e-02 9.631548e-02 9.674589e-02 1.440245e-01 1.607355e-01 1.835107e-01 1.857060e-01 1.918346e-01 2.029968e-01 2.226740e-01 2.343289e-01 2.643069e-01 3.459928e-01 3.649312e-01 4.029000e-01 4.071894e-01 4.091169e-01 4.380266e-01 4.436940e-01 4.544561e-01 4.640177e-01 4.652043e-01 4.753780e-01 5.179925e-01 5.579595e-01 6.006914e-01 6.436700e-01 6.688995e-01 7.674162e-01 8.141809e-01 8.238753e-01 8.447129e-01 8.533756e-01 8.722246e-01 8.912699e-01 9.140204e-01 9.222766e-01 9.601230e-01 9.829769e-01 
100101100100011110101110100010001000100010
100101100100011110101110100010001000000010
100001000100001100101111101011001000000010
100001000100101100101110100011001100000010
100101100100011110101110100010001000000010
100001000100001000000000000010000001001100
100101100100011110101110100010001000000010
100101100100011110101110100010001000000010
100001001100001001000000000110000011001100
010010000011000000010110100000111000000011
101101100100001110101100000011001000001100
100001010100001100101110110011001100010010

//	3	5.000000e+01	5.000000e+01	500
segsites: 71
positions: 2.747812e-03 1.529759e-02 2.034390e-02 2.191135e-02 3.344211e-02 5.710037e-02 6.098923e-02 7.196397e-02 1.364361e-01 1.406437e-01 1.914771e-01 1.958789e-01 2.068308e-01 2.223994e-01 3.584345e-01 3.655800e-01 3.721985e-01 3.813942e-01 3.897945e-01 4.079462e-01 4.577311e-01 4.603018e-01 4.691049e-01 4.880760e-01 4.927867e-01 5.501031e-01 5.531634e-01 5.532656e-01 5.557914e-01 5.665242e-01 5.691431e-01 5.778155e-01 5.831309e-01 5.945395e-01 6.112299e-01 6.297229e-01 6.621357e-01 6.728905e-01 6.730036e-01 6.815765e-01 7.073360e-01 7.246077e-01 7.299919e-01 7.471517e-01 7.487881e-01 7.779707e-01 7.844028e-01 7.979620e-01 8.044866e-01 8.072267e-01 8.105024e-01 8.149194e-01 8.274659e-01 8.301111e-01 8.328031e-01 8.359898e-01 8.386275e-01 8.559851e-01 8.896879e-01 8.900558e-01 8.910818e-01 8.979678e-01 9.053354e-01 9.186264e-01 9.196195e-01 9.196254e-01 9.208804e-01 9.472630e-01 9.540949e-01 9.713511e-01 9.965662e-01 
00000100010010000100100000000001000010000000000100010000000001010001001
10010100010011010100110000000000000101110000110101010000000001010001001
00000100110011101011000111001000101000000000000000000110111100001000100
00100000010011000100100000100100000000000000000010001000000010001000000
01001001000100010100110000000000010101100100110100010001000001010001001
00000010010010000100100000000001000010001000000000000110111000101100000
00000100011010010100111000000000000101110000111100010000000001010001011
00000100010011001011000111001000100000000000000000000110111000001000100
00000100010011001011000000000011000010000000000000000110111000101100000
00000000010010000100100000010000000010000011000000100110111000101110000
00000100010010000100100000000001000010000000000100010000000001010001001
00000000010010000100100000010000000010000011000000100110111000101110000

//	3	1.000000e+01	1.000000e+01	100
segsites: 9
positions: 1.644128e-01 3.342601e-01 3.546487e-01 4.921708e-01 6.555343e-01 8.034774e-01 8.264728e-01 9.603608e-01 9.986579e-01 
100011001
000001001
000001001
010001101
000000000
000000010
000000000
000101001
000000000
001001001
000001001
000000000

//	4	5.000000e+01	5.000000e+01	500
segsites: 57
positions: 1.995764e-02 2.022324e-02 3.595925e-02 6.329314e-02 1.126638e-01 1.177020e-01 1.461955e-01 1.575303e-01 1.675251e-01 1.730920e-01 2.183453e-01 2.370976e-01 2.518399e-01 2.550974e-01 2.563098e-01 2.808390e-01 3.135382e-01 3.401123e-01 3.532232e-01 3.630549e-01 3.631777e-01 3.810409e-01 4.079906e-01 4.225328e-01 4.364759e-01 4.622110e-01 4.752635e-01 5.164816e-01 5.574804e-01 5.716326e-01 5.774529e-01 6.358902e-01 6.433381e-01 6.737564e-01 7.057166e-01 7.121667e-01 7.313874e-01 7.482474e-01 7.717999e-01 7.803007e-01 7.900339e-01 7.999209e-01 8.073557e-01 8.095204e-01 8.144820e-01 8.350078e-01 8.447777e-01 8.636470e-01 8.691936e-01 8.987143e-01 9.094683e-01 9.114023e-01 9.335095e-01 9.468010e-01 9.535434e-01 9.556148e-01 9.862112e-01 
000000011010001000011000000100001101001000001010001010000
000000010010000101100101011011110010010111001000001010000
000000110000011000011000000100001101001000000101010000010
010000110000001001000101101011010010110010011010001010000
001101001010100001000101001011010010010010011010001010000
000000010010000101000101011011010010010010011010001010000
000000010010000101000101011011110010010010101000101000001
001111001010100001000101001011001101001000000101010001010
001111001010100001000101011011010010010010011010001010000
001101001010100001000111011011110010010010001000101010000
001101001011100011000101011011110010010010101000101000001
100000110100001000011000000100001101001000000101010100110

//	4	5.000000e+01	5.000000e+01	500
segsites: 40
positions: 2.282972e-02 3.289266e-02 3.828947e-02 5.711421e-02 9.540744e-02 1.055485e-01 1.312285e-01 1.697798e-01 1.742491e-01 1.934054e-01 2.501246e-01 2.516653e-01 2.748705e-01 2.777151e-01 2.958157e-01 3.019361e-01 3.074814e-01 3.597039e-01 3.614710e-01 3.696568e-01 4.019343e-01 4.095250e-01 4.209852e-01 5.618886e-01 5.640011e-01 6.224353e-01 6.468431e-01 6.887094e-01 6.970322e-01 7.490878e-01 7.583173e-01 7.846442e-01 8.078707e-01 8.665635e-01 8.943884e-01 9.050906e-01 9.105111e-01 9.150682e-01 9.281746e-01 9.625210e-01 
0000010100110000010111110000010001100001
0010001000100010010000000000010001100101
0011001101100000010000000000001000010010
0000110101101000101000000000010001101001
0000010100110101010000000100100001100001
0000010100110000010000000111100011100001
1010001000100010010000000000010101100001
0000110010000000100000000000010001100001
0010001101100000010000001100100001100001
0000010100110000010000000100100001100001
0110001000000000100000000000010001101001
0011001101100000001000000000010001101001

//	4	5.000000e+01	5.000000e+01	500
segsites: 38
positions: 1.675884e-02 2.855672e-02 6.580209e-02 1.153366e-01 1.832363e-01 1.854269e-01 2.672891e-01 2.722815e-01 2.960096e-01 3.268942e-01 3.279812e-01 3.802125e-01 3.934380e-01 4.217373e-01 5.430404e-01 5.645652e-01 5.759791e-01 6.008809e-01 6.062741e-01 6.111234e-01 6.624436e-01 6.650944e-01 6.805502e-01 7.085812e-01 7.105666e-01 7.197772e-01 7.235089e-01 7.392599e-01 7.501322e-01 7.582937e-01 8.164996e-01 8.255008e-01 8.332097e-01 8.339987e-01 8.534565e-01 8.626306e-01 8.788773e-01 9.403677e-01 
00000010100011000011000000100011010010
11000000101011000000001000001011010000
00000000100011010000000100000000001000
00000100101011000000000000010011010100
10000000100011000000000000000011010000
00000000100111000100100000010111010001
00000000100011000000000000010011010000
00000000100011000000000000010011010000
00111001100011101000000001000011010000
00000000100011010000000100000000001000
00000000100011000100110000010111110000
00000000010000000000000010000011010000

//	4	1.000000e+01	1.000000e+01	100
segsites: 11
positions: 1.732360e-02 5.055864e-02 1.701523e-01 2.921606e-01 3.578750e-01 4.652688e-01 5.139797e-01 5.438412e-01 6.272598e-01 7.188130e-01 9.073152e-01 
01110010010
00110010010
00110010010
10111110010
00000001001
00000001000
00000000000
00110010010
00000001001
00000000100
00000000100
00110010010

//	5	5.000000e+01	5.000000e+01	500
segsites: 44
positions: 5.406721e-03 5.289929e-02 5.600276e-02 9.589774e-02 1.286679e-01 1.430916e-01 1.787190e-01 1.814580e-01 2.016754e-01 2.241141e-01 2.249158e-01 2.441360e-01 3.116294e-01 3.256079e-01 3.274839e-01 3.318411e-01 3.321681e-01 3.416921e-01 4.246269e-01 4.404227e-01 4.405721e-01 4.415863e-01 4.671180e-01 4.699980e-01 4.743443e-01 4.921414e-01 4.937378e-01 5.313892e-01 5.565857e-01 5.698649e-01 5.742068e-01 6.026973e-01 6.481740e-01 6.632944e-01 7.043661e-01 7.307526e-01 7.357576e-01 7.600987e-01 8.049775e-01 8.801907e-01 8.910929e-01 9.258798e-01 9.801714e-01 9.808180e-01 
00000000011000000000110001000001000001100000
11000000011001000000010001001000010000110010
11000010111000001000110100000001000000100000
00000000011000000000110001000001000001100010
11000000000010110000010001111000001100100001
00011101000000110010001010000100010000100000
11000000011001000000010001001000010000110010
00111101000000110110001010000000100000000000
11000000000000110011001010000100010000000000
11000000111000001000001001001000000000011010
11000000011000000000010000000011000011100000
00000000011100000000110001000001100000000100

//	5	5.000000e+01	5.000000e+01	500
segsites: 66
positions: 8.899124e-03 2.324479e-02 2.976902e-02 7.994938e-02 9.853493e-02 1.006176e-01 1.723122e-01 1.812755e-01 1.924843e-01 2.083336e-01 2.669208e-01 3.134306e-01 3.161477e-01 3.161639e-01 3.829458e-01 4.457410e-01 5.103735e-01 5.197266e-01 5.399357e-01 5.468513e-01 5.522142e-01 5.609076e-01 5.637791e-01 5.660738e-01 5.762533e-01 5.794063e-01 5.817492e-01 6.073576e-01 6.155535e-01 6.282262e-01 6.338796e-01 6.350364e-01 6.486293e-01 6.508775e-01 6.593498e-01 6.640595e-01 6.706300e-01 6.829251e-01 6.925454e-01 6.941985e-01 6.990196e-01 7.009337e-01 7.090298e-01 7.101737e-01 7.155612e-01 7.202513e-01 7.250747e-01 7.272783e-01 7.493429e-01 7.716217e-01 7.725168e-01 8.208244e-01 8.334417e-01 8.456206e-01 8.567952e-01 8.721355e-01 8.740339e-01 8.876870e-01 8.915542e-01 9.014080e-01 9.044936e-01 9.065005e-01 9.231467e-01 9.583840e-01 9.908413e-01 9.931388e-01 
100010011100000000001010000000111111010000010010010001001010110010
100001100000010000000010000000111111010000010010010001001010100010
000001100000000001100100011000000000101010101000001000100100001100
010000011101001000000001100011000000000101101100000010000001001000
010001100000100010000000001000000000101000101001000010000000001001
100001100000100000000000001000000000101000101001000010000000001000
100001100000100000000000001000000000101000101001000010000000001000
101000011110000100011010000000111111010000010010010001001010100010
100100011100001000000000100011000000000101101100001000110100001110
000001100000000001100100011100000000101010101000110000000000001110
100001100000000000000010000000111111010000010010010100000000001100
100001100000000000000010000000111111010000010010010001001010100010

//	5	5.000000e+01	5.000000e+01	500
segsites: 53
positions: 1.209369e-02 2.156555e-02 3.637308e-02 6.306446e-02 6.712259e-02 6.998295e-02 8.821012e-02 9.370092e-02 1.129262e-01 1.295356e-01 1.983410e-01 2.109593e-01 2.164560e-01 2.674822e-01 2.694727e-01 2.732873e-01 2.798800e-01 2.863266e-01 2.882432e-01 2.958248e-01 2.988826e-01 3.023964e-01 3.127666e-01 3.261133e-01 3.596076e-01 3.666953e-01 3.730611e-01 4.167247e-01 4.272072e-01 4.360879e-01 4.691050e-01 4.710012e-01 5.058629e-01 5.365507e-01 5.538231e-01 5.714059e-01 5.754720e-01 6.168075e-01 6.382119e-01 6.673835e-01 6.997302e-01 7.200348e-01 7.591807e-01 7.689899e-01 7.750293e-01 7.832192e-01 8.264452e-01 8.351399e-01 8.668433e-01 9.079351e-01 9.125589e-01 9.194550e-01 9.685784e-01 
10010000000000100011000000000000001010000000000000100
10010000000000100011000000000000001010000000000001000
10010000011010100110011000010011000000100101001100001
10010000000100100011000000000000001110000000000000100
10010000001010001000100001111000001110000000100000000
10010011000000110010000010000000001000000010000000100
10010000001010100110011000010011000000100101001100001
10010000000000100011000000000000001011000000000000100
11011100001010000000100000110011110000011000100000000
10010000001011000000100100100000001000000010000010010
10010000000000100011000000000000001010000000000000100
00100000101010001000100001110101110000011000010000000

//	5	1.000000e+01	1.000000e+01	100
segsites: 8
positions: 1.895151e-01 2.552347e-01 2.750600e-01 2.971333e-01 4.857543e-01 5.261393e-01 8.854705e-01 9.763631e-01 
00001011
00001111
00001011
11011011
00001011
00001011
01011011
00001111
00001111
00001111
00100000
00001011

//	6	5.000000e+01	5.000000e+01	500
segsites: 51
positions: 4.115012e-02 5.485553e-02 6.467355e-02 8.102648e-02 8.492647e-02 1.486378e-01 1.721975e-01 1.801644e-01 1.931719e-01 2.157369e-01 2.262422e-01 2.329785e-01 3.018979e-01 3.559988e-01 3.600902e-01 3.931918e-01 3.965349e-01 4.067546e-01 4.092378e-01 4.286358e-01 4.536632e-01 4.539336e-01 4.568671e-01 4.657419e-01 4.749731e-01 4.870377e-01 5.068990e-01 5.084707e-01 5.318492e-01 5.342711e-01 5.529255e-01 5.775582e-01 5.781240e-01 5.822270e-01 5.861070e-01 6.631823e-01 6.654638e-01 6.765674e-01 6.883388e-01 6.998374e-01 7.342661e-01 7.406533e-01 8.186942e-01 8.228681e-01 8.402171e-01 8.723184e-01 9.002886e-01 9.504900e-01 9.671032e-01 9.871503e-01 9.950326e-01 
101001000000010010010010001000001110000011001011100
001000100000010010010010001010000110110011001000100
001000010000010110010010001000000110000011000000100
001000000000010010010010001001000110000100000011101
010100000001000001101101110100110000000100110011100
001000001010010010010010001000000110000011000000100
001000000000010010010010001000000110000011000000100
001000000000011010010010110000110000000001000100000
001000000100010010010010001000000110000011000000100
010110000001110010010010001000001111001011001000100
001000000000010010010010001000000110000001000101100
010110000001110010010010001000001110001011001000110

//	6	5.000000e+01	5.000000e+01	500
segsites: 49
positions: 2.776137e-03 3.805471e-03 1.954341e-02 6.439890e-02 6.458528e-02 6.879570e-02 6.995290e-02 1.870739e-01 2.527092e-01 3.074883e-01 3.217528e-01 3.379678e-01 3.949103e-01 4.086812e-01 4.120095e-01 4.473030e-01 4.560188e-01 4.840742e-01 4.850278e-01 4.858844e-01 5.354620e-01 5.432059e-01 5.668039e-01 6.030690e-01 6.132398e-01 6.242491e-01 6.580822e-01 6.757387e-01 6.781787e-01 7.076932e-01 7.129334e-01 7.172000e-01 7.309022e-01 7.335367e-01 7.523613e-01 7.526020e-01 7.609474e-01 7.694526e-01 8.377493e-01 8.378433e-01 8.405170e-01 8.517827e-01 8.538745e-01 8.546833e-01 9.321010e-01 9.625450e-01 9.760105e-01 9.810382e-01 9.816203e-01 
0101000110110101000011100000100000001001010101101
0101000110110100011100010000011100010010101010010
0010000001000011000010000000100000010110001010000
0010001001001100000010001000100000001010000010000
0010010001001100000010001000100000001010000010000
0010100001010101000000010001011100110010101010010
0010010001001100000010001000100000001010000010000
0101000110110100011100010100000110000010000010010
1101000110110100111100010100000100000000010100010
0101000000110100000010001000100001001010000010000
0101000110110101000010100000100000001000010110010
0011000001000011000010000010100000001010000010000

//	6	5.000000e+01	5.000000e+01	500
segsites: 52
positions: 1.057816e-02 9.054013e-02 1.324710e-01 1.443330e-01 2.479707e-01 2.599317e-01 2.632901e-01 2.741233e-01 2.861917e-01 3.057642e-01 3.247740e-01 3.296646e-01 3.730318e-01 3.881680e-01 3.950801e-01 4.008292e-01 4.526192e-01 5.238597e-01 5.295361e-01 5.566767e-01 5.718078e-01 5.970112e-01 6.160055e-01 6.354208e-01 6.418371e-01 6.440905e-01 6.444019e-01 6.510107e-01 6.524589e-01 6.735717e-01 6.936948e-01 6.974529e-01 7.043673e-01 7.068883e-01 7.088192e-01 7.894653e-01 7.943437e-01 7.959615e-01 8.231902e-01 8.296526e-01 8.487850e-01 8.529462e-01 8.796043e-01 8.869512e-01 8.934603e-01 8.938194e-01 9.040508e-01 9.103710e-01 9.255402e-01 9.276237e-01 9.641866e-01 9.887045e-01 
0000100000101010000000000000110000010001000100110010
0001110100101000100001000000110000011010000100110010
0000110000101010000000000000110000010000000001100000
0000100000000000100001000000110000010000010100110010
0000110100101010000110001010010100100100000001100000
0000100011010001110000001010010000110000010100110010
0000100000000000100001000000110000010000010100110010
0110101000010101100000100100001001000100001000001001
1000100000101010000000000000110000010000100100110110
0000000000000000100110010100001010000100001010001001
0000110000101010011110010101010000000100000001100000
0000110000101010000000000000110000010000010100110010

//	6	1.000000e+01	1.000000e+01	100
segsites: 14
positions: 1.292243e-02 3.208129e-02 8.172632e-02 8.176577e-02 2.287605e-01 2.732771e-01 3.625387e-01 4.384708e-01 5.260350e-01 5.482867e-01 6.312809e-01 6.480264e-01 7.816537e-01 8.392729e-01 
10001100100001
10000000000000
10000000000000
10000000000000
10001000100000
10000000000000
10000000000000
01100011011100
10001000100000
10011000100000
10000000000010
10011000100000

//	7	5.000000e+01	5.000000e+01	500
segsites: 55
positions: 4.859249e-02 5.276427e-02 1.391722e-01 1.428908e-01 1.766672e-01 2.171562e-01 2.247512e-01 2.316815e-01 2.516772e-01 2.672776e-01 2.878402e-01 3.203896e-01 3.478219e-01 3.587734e-01 3.751634e-01 3.803251e-01 3.836851e-01 3.839596e-01 4.289000e-01 4.558008e-01 4.609422e-01 4.919607e-01 5.062131e-01 5.233202e-01 5.311106e-01 5.319922e-01 5.380688e-01 5.470374e-01 5.500348e-01 5.584045e-01 5.607328e-01 5.801987e-01 5.996659e-01 6.258677e-01 6.290115e-01 6.290939e-01 7.099450e-01 7.307772e-01 7.446351e-01 7.482641e-01 7.528968e-01 7.881932e-01 7.924859e-01 7.971773e-01 8.085007e-01 8.416035e-01 8.549706e-01 8.570173e-01 8.595763e-01 8.915488e-01 8.963901e-01 9.031983e-01 9.362871e-01 9.413128e-01 9.580227e-01 
1000000000000001011000000000000011001100110000000000010
0000000000101000001000000100000100100001000100100000000
1001000000000011001000010010000011000100110000011100101
0000000000000001001000000000000011000100110001000000010
0100001000010100100101010011111000110010001000000000010
1000001000010100100101010011110000110010001000000000010
1000000000000001001000100000000011001100110010000000010
1010110001000001001101010010000011000100110000011100100
1000000110000001001010001000000011000100110000000001010
1000000000000001011000000000000011001100110000000000010
1000000000000001001000000000000011000100110000000000010
1000000000000001001000000000000011000100110000000010010

//	7	5.000000e+01	5.000000e+01	500
segsites: 73
positions: 5.066767e-02 5.615546e-02 8.108287e-02 1.010527e-01 1.055755e-01 1.156838e-01 1.473259e-01 1.558396e-01 1.688829e-01 1.839898e-01 1.977435e-01 2.063218e-01 2.073966e-01 2.080205e-01 2.204491e-01 2.221603e-01 2.325566e-01 2.379788e-01 2.413889e-01 2.915850e-01 3.073049e-01 3.081801e-01 3.135567e-01 3.180486e-01 3.358456e-01 3.448849e-01 3.495094e-01 3.502142e-01 3.549345e-01 3.773456e-01 3.781623e-01 3.797658e-01 3.816563e-01 3.910217e-01 4.491691e-01 4.495963e-01 4.542348e-01 4.626759e-01 4.751228e-01 4.892608e-01 4.938539e-01 4.969006e-01 5.019675e-01 5.153577e-01 5.154308e-01 5.535795e-01 5.564970e-01 5.671175e-01 6.003962e-01 6.047419e-01 6.443523e-01 6.760024e-01 6.848392e-01 7.026875e-01 7.369404e-01 7.436164e-01 7.710395e-01 8.217331e-01 8.243094e-01 8.526319e-01 8.872332e-01 8.935051e-01 9.021105e-01 9.122145e-01 9.274408e-01 9.360683e-01 9.377615e-01 9.380279e-01 9.431643e-01 9.465999e-01 9.505588e-01 9.841133e-01 9.861647e-01 
0110010100001001110100100010100010000010100110100101000001100100010101000
0110010100001001110100100010100010000010100110100001000001100100101010101
0010000100001000000010001100000001000010110110100000000001100100000101010
1010000100001010000010001100010001000101000000100000100001101100000001000
0001000001000000001101110001001100001010001111001010001001100100000001000
0000000010011000000010001100010001000101000000100000010001100101001001000
0010111100001101100100100010100010101010001111000010000000010000001010101
0110010100101001100100100010100010010010100110110000000001100100000001000
0010000100001000000010001100000001000101000000100000010011100101001001001
0010010100001101100100100010100010101010001110100001000001100110000101000
0000000010001000000010001100010001000101000000100000100101100000001010101
0010000100001000000010001100000001000101000000100000010011100101001001000

//	7	5.000000e+01	5.000000e+01	500
segsites: 59
positions: 3.277942e-02 3.420373e-02 7.125007e-02 8.944209e-02 9.272028e-02 1.036173e-01 1.642373e-01 1.694557e-01 2.096659e-01 2.266724e-01 2.342132e-01 2.452264e-01 2.648518e-01 2.681270e-01 2.856997e-01 3.002399e-01 3.027086e-01 3.540923e-01 3.626060e-01 3.687325e-01 3.782628e-01 3.945316e-01 3.984401e-01 4.254522e-01 4.452475e-01 4.669037e-01 4.816983e-01 4.866688e-01 5.083293e-01 5.211702e-01 5.627804e-01 5.695711e-01 5.901450e-01 5.998079e-01 6.018423e-01 6.071830e-01 6.123614e-01 6.275678e-01 6.329287e-01 6.380901e-01 6.426817e-01 6.711939e-01 6.730160e-01 7.172309e-01 7.402874e-01 7.963645e-01 8.207923e-01 8.461982e-01 8.545006e-01 8.929121e-01 9.000915e-01 9.246428e-01 9.331418e-01 9.563811e-01 9.591339e-01 9.698154e-01 9.766636e-01 9.908168e-01 9.973636e-01 
00010010100010001010010000010000000110000000000000001011010
11001001011101100100000000001000100000010000110000010000101
01001100001110001100001110010001000001100100001000000000101
01001100001110011100000110010010001001100111000000000000101
01001100001110001100001111010100010110000100000000000000101
01001100001110001100001110010001000001100100001010000000101
01001100001110001100000110010010001001100111000000000000101
00110010100010001100000110010001000001100100000001010000101
01001100001110001101110000101000000000011000000100100000101
00010010100010001010010000010000000110000000000000001011010
00010010100010001100000111010001000001100100000000000000101
01001100001110001100110000001000000001100100001000000100101

//	7	1.000000e+01	1.000000e+01	100
segsites: 13
positions: 3.826450e-03 1.191177e-01 5.083417e-01 5.576612e-01 5.688891e-01 5.837700e-01 6.621229e-01 6.763081e-01 7.055765e-01 7.998152e-01 8.927913e-01 9.867662e-01 9.972918e-01 
0001100011100
0000100011100
0000100001100
0000100001111
1000010100000
0010101001111
0000100001111
0010101001111
0000100001100
0000100001100
0000100001100
0100100001100

//	8	5.000000e+01	5.000000e+01	500
segsites: 37
positions: 8.837723e-03 2.275587e-02 1.529391e-01 1.557877e-01 1.576856e-01 1.613408e-01 1.630704e-01 1.641704e-01 1.655192e-01 1.662187e-01 1.702683e-01 1.792927e-01 1.868827e-01 1.871026e-01 1.880247e-01 2.146402e-01 2.186316e-01 2.306613e-01 2.456015e-01 2.815388e-01 3.248863e-01 3.254861e-01 3.386163e-01 3.447464e-01 3.803184e-01 3.822745e-01 3.995506e-01 4.259822e-01 4.401455e-01 5.343996e-01 5.370638e-01 6.480331e-01 6.787117e-01 8.216079e-01 8.339052e-01 9.438732e-01 9.615235e-01 
0000001110001011000100010000000001000
0000001110011011100100010001000000000
0000001110011011000100010000000001000
1111110001000100010010101110101000010
0000001110011011100100010001000000000
0000001110001011000100010000010001000
0011110001000100010010100110100000100
0011110001000100010001000010100010100
0011110001000100010001000010100010000
0000001110101011101100010001000000001
1111110001000100010010101110101100010
0000001110001011000100010000010001000

//	8	5.000000e+01	5.000000e+01	500
segsites: 50
positions: 4.390298e-02 6.353841e-02 1.056732e-01 1.469006e-01 1.558644e-01 1.591630e-01 1.765581e-01 1.791715e-01 1.829978e-01 1.923861e-01 2.048149e-01 2.560375e-01 3.813703e-01 4.141707e-01 4.386279e-01 4.578638e-01 4.684499e-01 4.776944e-01 4.966255e-01 4.999167e-01 5.007083e-01 5.203451e-01 5.289280e-01 5.394434e-01 5.410993e-01 5.439748e-01 5.450247e-01 5.543876e-01 5.733120e-01 5.964216e-01 5.998621e-01 6.239158e-01 6.337620e-01 6.423445e-01 6.445806e-01 6.948702e-01 7.051118e-01 7.146267e-01 7.227560e-01 7.516522e-01 7.652892e-01 8.112117e-01 8.179357e-01 8.185251e-01 8.356044e-01 8.551965e-01 8.863550e-01 8.913120e-01 9.263107e-01 9.804913e-01 
00000010110001000100110100001000010100000010010100
00000000000000010110100100000100001000001010110000
00001000001000100100100100000000111000011010110000
01110100000000001001000001110010000110000000000010
01000100000000100110100100000100010000001010110000
01100100000000001001000011100001000110000000001010
01000100000000100110100100000100000000001011110000
00000010010000100100100100000000010100000110010000
10000010010000000100110100001000010100000010010000
00000011010000100100101001100001000110100000000000
00000100000100100110100100000100000000001010110000
01000100000010000100110100001000010101000010010001

//	8	5.000000e+01	5.000000e+01	500
segsites: 69
positions: 5.383760e-02 6.208874e-02 7.195107e-02 7.215726e-02 7.902885e-02 8.127959e-02 8.364372e-02 8.745609e-02 9.285923e-02 9.351350e-02 9.695028e-02 1.147844e-01 1.330709e-01 1.538849e-01 1.664025e-01 1.706245e-01 1.768069e-01 1.838884e-01 1.983717e-01 2.089686e-01 2.250542e-01 2.265652e-01 2.662715e-01 2.865458e-01 3.027676e-01 3.288299e-01 3.480165e-01 3.630072e-01 3.649653e-01 3.717402e-01 3.786468e-01 3.835711e-01 4.079725e-01 4.503996e-01 4.704107e-01 4.768741e-01 4.907780e-01 5.016120e-01 5.116401e-01 5.970259e-01 6.281531e-01 6.612860e-01 6.621847e-01 6.777487e-01 6.813010e-01 6.826185e-01 7.087278e-01 7.709063e-01 7.856478e-01 7.867940e-01 7.909117e-01 8.034201e-01 8.189099e-01 8.276958e-01 8.282733e-01 8.391945e-01 8.397284e-01 8.404016e-01 8.547572e-01 8.980582e-01 9.005692e-01 9.027082e-01 9.295351e-01 9.337826e-01 9.409724e-01 9.426018e-01 9.588572e-01 9.606670e-01 9.958670e-01 
010111110000111100000100000000000000100000011000111010110010001100110
010111110000111100000000000000000000100000011000111101001100110000110
000111110000111100010000101110010000010010001010111101001100100000000
010111010010011100000001101000010101001000100101000010110010000001000
010111110000000001010000100010010000001001000001111010110010001100110
010111001101000010010010100000010101001000100001000010110010000001000
001000001101000001110000100010010000000001000000111101001000100000001
010111001101000010010010100000000010000000001000111010110010001100110
001000001101000001010000100011011000001000001000111001001101100000000
110111010010011100001000010000100000100100001000111101001100100000000
010111010010011100000001101010010000000010001010111101001000100010000
010111110000111100000000000000000000000000001001000010110010000001000

//	8	1.000000e+01	1.000000e+01	100
segsites: 6
positions: 3.880321e-02 1.181628e-01 1.991530e-01 3.588280e-01 3.657145e-01 6.569228e-01 
000010
000000
000000
000000
000000
000010
000101
000001
000010
000000
110001
001010

//	9	5.000000e+01	5.000000e+01	500
segsites: 37
positions: 2.452304e-03 7.146103e-02 7.736296e-02 1.039781e-01 1.559912e-01 1.666272e-01 1.724108e-01 2.484912e-01 2.575193e-01 3.647598e-01 3.752237e-01 4.010702e-01 4.019874e-01 4.334671e-01 4.433280e-01 4.578601e-01 4.833113e-01 5.031060e-01 5.105002e-01 5.661939e-01 6.119402e-01 6.484469e-01 6.529948e-01 6.730732e-01 6.830446e-01 6.921709e-01 7.067501e-01 8.211915e-01 8.474646e-01 9.011317e-01 9.366306e-01 9.453765e-01 9.640974e-01 9.764825e-01 9.909279e-01 9.923016e-01 9.979984e-01 
0001000101101010100010000000010000100
0000100000010100000010000000001001100
0000000000010100011000000100100110000
0001010101101010100010000000000000100
1010100010010100000010010000000000011
0000000000010100011000000001000000100
0000100000010100000010100000000000000
0001010101101010100010000000000000100
0101001100010100000011000010000000100
0000100000010100000010000000000000000
1000100000010101000010001000000000100
0000000000010100011100000000000110000

//	9	5.000000e+01	5.000000e+01	500
segsites: 43
positions: 4.812805e-02 1.351607e-01 1.564830e-01 1.750633e-01 1.773981e-01 2.097703e-01 2.200939e-01 2.241442e-01 2.585755e-01 2.705829e-01 3.268655e-01 3.358913e-01 3.785484e-01 3.861780e-01 4.614486e-01 4.799732e-01 4.801997e-01 4.835603e-01 4.850226e-01 5.007429e-01 5.169495e-01 5.640756e-01 5.983699e-01 6.167796e-01 6.189717e-01 6.349224e-01 6.496516e-01 6.520203e-01 6.708619e-01 6.829522e-01 7.098105e-01 7.114017e-01 7.410756e-01 7.553873e-01 7.639227e-01 7.720901e-01 7.825185e-01 8.164213e-01 8.864381e-01 9.095118e-01 9.325270e-01 9.472891e-01 9.829752e-01 
0011000000000000010100000010100111110001000
0110000000000000000101000101000111110000100
0100110100110000000100011001010100000000010
0100000000110000000100011001010111110000000
0010000000001011100010000010101000001110000
0010001011000100001101000001000111110000010
0010001010000100001101000001000111110000010
0011000000000000010100000010101000001110000
0011000000000000010100000010101000001110000
0100000000110000000100000010101000001110000
1100010000110000000100111001010100000000010
0010000000001011100010000010101000001010001

//	9	5.000000e+01	5.000000e+01	500
segsites: 42
positions: 1.551907e-03 3.004126e-03 4.451390e-02 6.074126e-02 6.567083e-02 6.587999e-02 7.030892e-02 9.499754e-02 1.560769e-01 1.832457e-01 1.931839e-01 2.233060e-01 2.233795e-01 2.329753e-01 2.366944e-01 2.391130e-01 2.495331e-01 2.565064e-01 2.683392e-01 3.503598e-01 3.564450e-01 3.669358e-01 3.836969e-01 3.983177e-01 4.221703e-01 5.043186e-01 5.191797e-01 5.192342e-01 5.351591e-01 5.457500e-01 5.811527e-01 6.253184e-01 6.443357e-01 6.500937e-01 6.782043e-01 7.560621e-01 7.797896e-01 7.863729e-01 8.738241e-01 9.585360e-01 9.666054e-01 9.780684e-01 
100001000000100110101011100000010010000000
000000110100000010101001100000000010011100
000110110100000010101001100011000011000010
001000000010000000110100000000000010000010
100001000000100111101001100100000010011101
110000100100000010101001100000000010000000
100000101001010000000001111000000010000000
000000110001011000001001100000000111000010
000110110100000010101001100011101000000010
100001000000000110101001100000000010001100
000110110100000010101001100011101000000010
110000100100000010101001100000000010100000

//	9	1.000000e+01	1.000000e+01	100
segsites: 12
positions: 9.096945e-02 2.220255e-01 3.529538e-01 3.678821e-01 4.304642e-01 5.975444e-01 6.001863e-01 6.066126e-01 8.790606e-01 8.892693e-01 8.992602e-01 9.428865e-01 
101000010000
000010000111
001001110000
001001110000
011000010000
101000010000
001001110000
101000010000
101000010000
000010000111
001100011000
000010000111

//	10	5.000000e+01	5.000000e+01	500
segsites: 52
positions: 1.023316e-02 1.708056e-02 3.446061e-02 5.222504e-02 5.970573e-02 1.015418e-01 1.196633e-01 1.354799e-01 1.400836e-01 1.414728e-01 2.032443e-01 2.489455e-01 3.026389e-01 3.300594e-01 3.320462e-01 3.468421e-01 3.584951e-01 3.819572e-01 4.676691e-01 5.254570e-01 5.929813e-01 6.003411e-01 6.006276e-01 6.212943e-01 6.357295e-01 6.467697e-01 6.596978e-01 6.760676e-01 6.772066e-01 6.853913e-01 7.203748e-01 7.351222e-01 7.430056e-01 7.560397e-01 7.965980e-01 8.050942e-01 8.119123e-01 8.210106e-01 8.349198e-01 8.516010e-01 8.697026e-01 8.728331e-01 8.739668e-01 8.857677e-01 9.058049e-01 9.062652e-01 9.100713e-01 9.256936e-01 9.631840e-01 9.681839e-01 9.824514e-01 9.949552e-01 
0010001000010001000000001110000001000010111011100000
1101100010000110001101110000100001000010111010110001
0010001000010001000000001111001110111101000000000110
0010001000010001000000001111001110111101000000000100
1101000010000111000000001110000001000010111011101000
1101000010000110001101110000100001000010111010100000
1101000010000110001101101000100001000010111010110001
1101000010000110001101110000100001000010111110100000
1101000010000110001101110000100001000010111010110000
1101000010000110001101110000100001000010111010110001
1101000111010001100010001100010100111101000000000110
1101010010101000010010001100010100111101000000000110

//	10	5.000000e+01	5.000000e+01	500
segsites: 43
positions: 2.018851e-02 4.448195e-02 4.672871e-02 5.045615e-02 6.032991e-02 6.772958e-02 7.725862e-02 9.727717e-02 9.960342e-02 1.335273e-01 1.411175e-01 1.517941e-01 1.593258e-01 1.894855e-01 1.948701e-01 2.422530e-01 2.693812e-01 2.953429e-01 2.993045e-01 3.354014e-01 4.310880e-01 4.668386e-01 4.705431e-01 5.922312e-01 5.947727e-01 6.065051e-01 6.298647e-01 6.751106e-01 7.077494e-01 7.186445e-01 7.219973e-01 7.754848e-01 8.334114e-01 8.396506e-01 8.567657e-01 8.810536e-01 8.835080e-01 8.918665e-01 9.145995e-01 9.359079e-01 9.528204e-01 9.807392e-01 9.983836e-01 
0100100010001110000000000010100101000000011
0100000100010001000000000101010010000000001
0100000100010001000100000100001010000011001
0110000100010001001000000100000010000000000
0001010011100110000000000010000101001100000
0110000100010001000000000010000101011100000
0100101100010001000100010100000010000000000
0100000100010001000001100100000010100000000
1100000100010001000010001100010010000000000
0100101100010001000100010100000010000000000
0001010011100110000000000100000010000000001
0100000100010001110000100100000101011100100

//	10	5.000000e+01	5.000000e+01	500
segsites: 44
positions: 2.303332e-02 5.054895e-02 5.914926e-02 6.574784e-02 9.895754e-02 1.116833e-01 1.132044e-01 1.685232e-01 2.101130e-01 2.404277e-01 2.477195e-01 2.956827e-01 2.984752e-01 3.143149e-01 3.243220e-01 3.288267e-01 3.370644e-01 3.798421e-01 4.284187e-01 4.479471e-01 4.928477e-01 4.958099e-01 5.203114e-01 5.238105e-01 5.329475e-01 5.341407e-01 5.478714e-01 5.559376e-01 5.877682e-01 6.167096e-01 6.305566e-01 6.773320e-01 6.936596e-01 7.255663e-01 7.306843e-01 7.654610e-01 8.167088e-01 8.349122e-01 8.675216e-01 8.968636e-01 9.447423e-01 9.463026e-01 9.603418e-01 9.883033e-01 
00111000000100100000001000100101000010111100
01101010000000100001000000100100011000001101
00101000010000001000010000000100011000001101
00001000000000110010000010001000000000000000
00000001010000110010000010011000000100011100
00101000010000000000110000000100011001001101
10000100100010000100000100001100011000001101
00000001010000000000010001000010100000011100
00000000000000100000000000001000000000000010
00000000000000100000000000001000000000000010
10000100000010000100000100001100011000001101
00000000001001000000000000001100011000001101

//	10	1.000000e+01	1.000000e+01	100
segsites: 9
positions: 1.353544e-01 2.106889e-01 3.369798e-01 4.121337e-01 4.336587e-01 4.796764e-01 7.102995e-01 8.582448e-01 8.808008e-01 
000000011
000101100
000101100
001000110
000101110
000000010
001000110
011010110
101000110
000000010
001000011
000000010
