./msABC 12 10 -t 10 -r -U 10 20 1000 -I 2 7 5 0.5 -eN 0.01 0.3 --frag-begin --finp fragments2.txt --frag-end --verbose -seeds 1 2 3 
//	1	1.000000e+01	1.441996e+01	1000
segsites: 24
positions: 2.944874e-03 1.149331e-02 1.353443e-02 2.686822e-02 5.547949e-02 1.834984e-01 3.514748e-01 4.547044e-01 6.147430e-01 6.417938e-01 6.936926e-01 7.389222e-01 8.586130e-01 8.780581e-01 9.102817e-01 9.109318e-01 9.224068e-01 9.308591e-01 9.309005e-01 9.384933e-01 9.496175e-01 9.788016e-01 9.839651e-01 9.871749e-01 
100100100100001101111101
101100100000001101111100
100100100100001101111100
100100000000001101111100
100100000000001101111100
100100000000001101111100
100100001000001111111100
010011010010001101111100
010011000010001101111100
010000000001111101111100
010000000001111101111100
010000000001110000000010

//	1	5.000000e+00	7.209982e+00	500
segsites: 24
positions: 9.642590e-03 9.750366e-03 2.791932e-02 5.262206e-02 5.506125e-02 8.257864e-02 1.028106e-01 1.123756e-01 1.327822e-01 1.914531e-01 2.019579e-01 2.115960e-01 2.266227e-01 2.723332e-01 2.814459e-01 3.559172e-01 4.333589e-01 4.759932e-01 5.281378e-01 5.747576e-01 5.783854e-01 8.159631e-01 9.199258e-01 9.489896e-01 
000010111010110100000000
111001000000000000000001
000010111010110100011001
111001000000001000000001
111001000101000001000010
111001000000001000000001
000010111010110100000000
000100000000000010110000
000010111010110100011000
000100000000000010110100
000100000000000010110000
000100000000000010110100

//	1	1.000000e+00	1.441996e+00	100
segsites: 2
positions: 4.249941e-02 1.592780e-01 
00
00
00
11
00
00
11
10
10
10
00
10

//	1	2.200000e+01	3.172392e+01	2200
segsites: 96
positions: 1.637149e-02 1.668356e-02 1.881476e-02 2.718549e-02 3.479979e-02 3.929576e-02 4.882137e-02 5.531666e-02 6.819060e-02 8.839237e-02 9.072592e-02 1.202946e-01 1.381745e-01 1.427028e-01 1.598419e-01 1.691202e-01 1.728074e-01 1.770657e-01 1.809867e-01 2.078454e-01 2.151443e-01 2.199559e-01 2.223421e-01 2.272442e-01 2.322604e-01 2.322676e-01 2.356562e-01 2.449277e-01 2.454924e-01 2.916506e-01 3.169746e-01 3.211869e-01 3.580788e-01 3.625191e-01 3.661159e-01 3.906053e-01 4.566181e-01 4.650564e-01 4.654291e-01 4.655134e-01 4.677662e-01 4.692630e-01 4.704370e-01 4.730789e-01 4.795148e-01 5.066673e-01 5.071151e-01 5.147419e-01 5.492524e-01 5.505725e-01 5.508899e-01 5.558554e-01 5.588864e-01 5.595360e-01 5.736993e-01 5.803129e-01 5.817805e-01 5.910769e-01 6.121684e-01 6.133154e-01 6.176475e-01 6.272247e-01 6.428643e-01 6.449376e-01 6.514696e-01 6.583843e-01 6.598570e-01 6.682094e-01 6.719561e-01 6.759449e-01 6.879408e-01 6.881249e-01 7.034013e-01 7.150232e-01 7.468116e-01 7.481337e-01 7.605816e-01 7.693202e-01 7.726366e-01 7.865730e-01 8.007845e-01 8.025477e-01 8.111896e-01 8.264977e-01 8.359043e-01 8.535902e-01 8.589957e-01 8.727020e-01 8.904697e-01 8.917855e-01 9.054172e-01 9.149825e-01 9.256692e-01 9.355238e-01 9.610811e-01 9.632045e-01 
000001001011110000010010100000001011000101111000101001110011010010000100000011010010000000101011
011100100000000001100001011111110000101000000000010010001100101101100000000010010101010000101011
011100100000000011100001011101110000000101111000101001110011010010000100010011010101010000101011
100100000101110000010010100000001011000101111000101001110011010010000100000011010101010000101011
011100100000000001100001011111110100001000000000010010001100101101100000000010010101010000101011
011100100000000001100001011101110000000000000000010010001100101101100000000010010101010000101011
100110000100000101011110100000000000000101111000101001110011010010000100100011010000000011101011
000001011010000001100001011101111011000101111000101001110011010010001100000100100000101100010000
000001001011110000010010100000001001000111111111101001110011010010010100001100001000000100010000
000001001011110000010010100000001001000101111111101001110011010010010100000100100000000100010100
000001001011110000010010100000001001010101111111101001110011010010010100000100100000000100010000
000001001011111000010010100000001011000101111000001101110011010010010111001100001000000100010000

//	1	1.000000e+01	1.